
##### 사이버 아포칼립스 pack.cyber (코호트 2)

[HEAD] Patched Hood  equip.head.patchedhood   (앵커 y=0.00000)
  HoodShell          fill   loop=True  filled=True  tone=0 layer=0 strokeMult=1.00 strokeInR=0.13840 noStroke=0 lineAlpha=1.00 n=48
      (+1.6000, -0.3600)
      (+1.5600, -0.0200)
      (+1.4600, +0.4000)
      (+1.4356, +0.5257)
      (+1.4022, +0.6494)
      (+1.3600, +0.7712)
      (+1.3089, +0.8911)
      (+1.2489, +1.0090)
      (+1.1800, +1.1250)
      (+1.1022, +1.2390)
      (+1.0156, +1.3511)
      (+0.9200, +1.4612)
      (+0.8156, +1.5694)
      (+0.7022, +1.6757)
      (+0.5800, +1.7800)
      (+0.4704, +1.8467)
      (+0.3548, +1.9044)
      (+0.2333, +1.9533)
      (+0.1059, +1.9933)
      (-0.0274, +2.0244)
      (-0.1667, +2.0467)
      (-0.3119, +2.0600)
      (-0.4630, +2.0644)
      (-0.6200, +2.0600)
      (-0.7178, +2.0261)
      (-0.8110, +1.9816)
      (-0.8998, +1.9265)
      (-0.9841, +1.8608)
      (-1.0639, +1.7845)
      (-1.1392, +1.6976)
      (-1.2100, +1.6000)
      (-1.2763, +1.4918)
      (-1.3382, +1.3731)
      (-1.3955, +1.2437)
      (-1.4484, +1.1037)
      (-1.4967, +0.9531)
      (-1.5406, +0.7918)
      (-1.5800, +0.6200)
      (-1.6600, +0.2000)
      (-1.7200, -0.2000)
      (-1.7400, -0.5000)
      (-1.1900, -0.4400)
      (-1.1900, +0.3400)
      (-0.6000, +0.3400)
      (+0.0000, +0.3400)
      (+0.6000, +0.3400)
      (+1.1900, +0.3400)
      (+1.1900, -0.3000)
  HoodLining         fillns loop=True  filled=True  tone=2 layer=0 strokeMult=1.00 strokeInR=0.13840 noStroke=1 lineAlpha=0.00 n=4
      (-0.7600, +0.3600)
      (+0.7600, +0.3600)
      (+0.7600, +0.9000)
      (-0.7600, +0.9000)
  HoodGem            fill   loop=True  filled=True  tone=1 layer=0 strokeMult=1.00 strokeInR=0.13840 noStroke=0 lineAlpha=1.00 n=6
      (+0.4400, +0.9400)
      (+0.7500, +1.4800)
      (+1.3700, +1.4800)
      (+1.6800, +0.9400)
      (+1.3700, +0.4000)
      (+0.7500, +0.4000)
  HoodSeam           seam   loop=False filled=False tone=4 layer=0 strokeMult=0.80 strokeInR=0.11072 noStroke=0 lineAlpha=0.55 n=11
      (+0.0000, +0.3400)
      (-0.0422, +0.5300)
      (-0.0888, +0.7160)
      (-0.1398, +0.8980)
      (-0.1952, +1.0760)
      (-0.2550, +1.2500)
      (-0.3192, +1.4200)
      (-0.3878, +1.5860)
      (-0.4608, +1.7480)
      (-0.5382, +1.9060)
      (-0.6200, +2.0600)
  HoodTrim           trim   loop=False filled=False tone=3 layer=0 strokeMult=0.75 strokeInR=0.10380 noStroke=0 lineAlpha=0.85 n=44
      (+1.1900, -0.3000)
      (+1.6000, -0.3600)
      (+1.5600, -0.0200)
      (+1.4600, +0.4000)
      (+1.4356, +0.5257)
      (+1.4022, +0.6494)
      (+1.3600, +0.7712)
      (+1.3089, +0.8911)
      (+1.2489, +1.0090)
      (+1.1800, +1.1250)
      (+1.1022, +1.2390)
      (+1.0156, +1.3511)
      (+0.9200, +1.4612)
      (+0.8156, +1.5694)
      (+0.7022, +1.6757)
      (+0.5800, +1.7800)
      (+0.4704, +1.8467)
      (+0.3548, +1.9044)
      (+0.2333, +1.9533)
      (+0.1059, +1.9933)
      (-0.0274, +2.0244)
      (-0.1667, +2.0467)
      (-0.3119, +2.0600)
      (-0.4630, +2.0644)
      (-0.6200, +2.0600)
      (-0.7178, +2.0261)
      (-0.8110, +1.9816)
      (-0.8998, +1.9265)
      (-0.9841, +1.8608)
      (-1.0639, +1.7845)
      (-1.1392, +1.6976)
      (-1.2100, +1.6000)
      (-1.2763, +1.4918)
      (-1.3382, +1.3731)
      (-1.3955, +1.2437)
      (-1.4484, +1.1037)
      (-1.4967, +0.9531)
      (-1.5406, +0.7918)
      (-1.5800, +0.6200)
      (-1.6600, +0.2000)
      (-1.7200, -0.2000)
      (-1.7400, -0.5000)
      (-1.1900, -0.4400)
      (-1.1900, +0.3400)
  HoodHighlight      hi     loop=False filled=False tone=3 layer=0 strokeMult=0.75 strokeInR=0.10380 noStroke=0 lineAlpha=0.42 n=3
      (-1.1900, +0.3400)
      (-1.0200, +0.7200)
      (-0.9200, +1.1000)

[EYES] Slit Visor  equip.eyes.slitvisor   (앵커 y=0.00000)
  VisorBar           fillns loop=True  filled=True  tone=0 layer=0 strokeMult=1.00 strokeInR=0.11530 noStroke=1 lineAlpha=0.00 n=32
      (+1.5800, +0.0200)
      (+1.3825, +0.0903)
      (+1.1850, +0.1512)
      (+0.9875, +0.2028)
      (+0.7900, +0.2450)
      (+0.5925, +0.2778)
      (+0.3950, +0.3013)
      (+0.1975, +0.3153)
      (+0.0000, +0.3200)
      (-0.1975, +0.3153)
      (-0.3950, +0.3013)
      (-0.5925, +0.2778)
      (-0.7900, +0.2450)
      (-0.9875, +0.2028)
      (-1.1850, +0.1512)
      (-1.3825, +0.0903)
      (-1.5800, +0.0200)
      (-1.3825, -0.0503)
      (-1.1850, -0.1112)
      (-0.9875, -0.1628)
      (-0.7900, -0.2050)
      (-0.5925, -0.2378)
      (-0.3950, -0.2612)
      (-0.1975, -0.2753)
      (+0.0000, -0.2800)
      (+0.1975, -0.2753)
      (+0.3950, -0.2612)
      (+0.5925, -0.2378)
      (+0.7900, -0.2050)
      (+0.9875, -0.1628)
      (+1.1850, -0.1112)
      (+1.3825, -0.0503)
  VisorBlock         fillns loop=True  filled=True  tone=2 layer=0 strokeMult=1.00 strokeInR=0.11530 noStroke=1 lineAlpha=0.00 n=16
      (+1.3800, -0.2800)
      (+1.4700, -0.2559)
      (+1.5359, -0.1900)
      (+1.5600, -0.1000)
      (+1.5600, +0.1000)
      (+1.5359, +0.1900)
      (+1.4700, +0.2559)
      (+1.3800, +0.2800)
      (+1.2000, +0.2800)
      (+1.1100, +0.2559)
      (+1.0441, +0.1900)
      (+1.0200, +0.1000)
      (+1.0200, -0.1000)
      (+1.0441, -0.1900)
      (+1.1100, -0.2559)
      (+1.2000, -0.2800)
  VisorGem           fill   loop=True  filled=True  tone=1 layer=0 strokeMult=1.00 strokeInR=0.11530 noStroke=0 lineAlpha=1.00 n=6
      (+0.0200, -0.0800)
      (+0.4100, +0.2800)
      (+1.1900, +0.2800)
      (+1.5800, -0.0800)
      (+1.1900, -0.4400)
      (+0.4100, -0.4400)
  VisorStrap         line   loop=False filled=False tone=0 layer=1 strokeMult=1.00 strokeInR=0.11530 noStroke=0 lineAlpha=1.00 n=6
      (-1.5800, +0.0200)
      (-1.5040, +0.2072)
      (-1.3880, +0.3688)
      (-1.2320, +0.5048)
      (-1.0360, +0.6152)
      (-0.8000, +0.7000)
  VisorAntenna       line   loop=False filled=False tone=0 layer=0 strokeMult=1.00 strokeInR=0.11530 noStroke=0 lineAlpha=1.00 n=3
      (-1.5800, +0.0200)
      (-1.5200, +0.7000)
      (-1.1000, +0.9000)
  VisorTrim          trim   loop=False filled=False tone=3 layer=0 strokeMult=0.75 strokeInR=0.08647 noStroke=0 lineAlpha=0.85 n=32
      (+1.5800, +0.0200)
      (+1.3825, +0.0903)
      (+1.1850, +0.1512)
      (+0.9875, +0.2028)
      (+0.7900, +0.2450)
      (+0.5925, +0.2778)
      (+0.3950, +0.3013)
      (+0.1975, +0.3153)
      (+0.0000, +0.3200)
      (-0.1975, +0.3153)
      (-0.3950, +0.3013)
      (-0.5925, +0.2778)
      (-0.7900, +0.2450)
      (-0.9875, +0.2028)
      (-1.1850, +0.1512)
      (-1.3825, +0.0903)
      (-1.5800, +0.0200)
      (-1.3825, -0.0503)
      (-1.1850, -0.1112)
      (-0.9875, -0.1628)
      (-0.7900, -0.2050)
      (-0.5925, -0.2378)
      (-0.3950, -0.2612)
      (-0.1975, -0.2753)
      (+0.0000, -0.2800)
      (+0.1975, -0.2753)
      (+0.3950, -0.2612)
      (+0.5925, -0.2378)
      (+0.7900, -0.2050)
      (+0.9875, -0.1628)
      (+1.1850, -0.1112)
      (+1.3825, -0.0503)
  VisorHighlight     hi     loop=False filled=False tone=3 layer=0 strokeMult=0.75 strokeInR=0.08647 noStroke=0 lineAlpha=0.42 n=3
      (+0.9875, +0.2028)
      (+0.7000, +0.2400)
      (+0.2000, +0.2800)

[NECK] Cable Collar  equip.neck.cablecollar   (앵커 y=-1.27818)
  CollarBand         fill   loop=True  filled=True  tone=0 layer=0 strokeMult=1.00 strokeInR=0.12970 noStroke=0 lineAlpha=1.00 n=32
      (-1.0600, -1.0800)
      (-0.9086, -1.1039)
      (-0.7571, -1.1241)
      (-0.6057, -1.1406)
      (-0.4543, -1.1535)
      (-0.3029, -1.1627)
      (-0.1514, -1.1682)
      (+0.0000, -1.1700)
      (+0.1514, -1.1682)
      (+0.3029, -1.1627)
      (+0.4543, -1.1535)
      (+0.6057, -1.1406)
      (+0.7571, -1.1241)
      (+0.9086, -1.1039)
      (+1.0600, -1.0800)
      (+1.1200, -1.5600)
      (+1.1000, -2.0400)
      (+0.9429, -2.0665)
      (+0.7857, -2.0890)
      (+0.6286, -2.1073)
      (+0.4714, -2.1216)
      (+0.3143, -2.1318)
      (+0.1571, -2.1380)
      (+0.0000, -2.1400)
      (-0.1571, -2.1380)
      (-0.3143, -2.1318)
      (-0.4714, -2.1216)
      (-0.6286, -2.1073)
      (-0.7857, -2.0890)
      (-0.9429, -2.0665)
      (-1.1000, -2.0400)
      (-1.1200, -1.5600)
  CollarShade        fillns loop=True  filled=True  tone=2 layer=0 strokeMult=1.00 strokeInR=0.12970 noStroke=1 lineAlpha=0.00 n=17
      (+1.1000, -1.5200)
      (+1.1000, -2.0400)
      (+0.9429, -2.0665)
      (+0.7857, -2.0890)
      (+0.6286, -2.1073)
      (+0.4714, -2.1216)
      (+0.3143, -2.1318)
      (+0.1571, -2.1380)
      (+0.0000, -2.1400)
      (-0.1571, -2.1380)
      (-0.3143, -2.1318)
      (-0.4714, -2.1216)
      (-0.6286, -2.1073)
      (-0.7857, -2.0890)
      (-0.9429, -2.0665)
      (-1.1000, -2.0400)
      (-1.1000, -1.5200)
  CollarGem          fill   loop=True  filled=True  tone=1 layer=0 strokeMult=1.00 strokeInR=0.12970 noStroke=0 lineAlpha=1.00 n=6
      (-0.3200, -1.9400)
      (-0.0100, -1.4000)
      (+0.6100, -1.4000)
      (+0.9200, -1.9400)
      (+0.6100, -2.4800)
      (-0.0100, -2.4800)
  CollarCable        line   loop=False filled=False tone=0 layer=0 strokeMult=1.00 strokeInR=0.12970 noStroke=0 lineAlpha=1.00 n=7
      (-0.9429, -2.0665)
      (-0.9970, -2.2956)
      (-1.0146, -2.5073)
      (-0.9957, -2.7016)
      (-0.9403, -2.8785)
      (-0.8484, -3.0380)
      (-0.7200, -3.1800)
  CollarBezel        fill   loop=True  filled=True  tone=0 layer=0 strokeMult=1.00 strokeInR=0.12970 noStroke=0 lineAlpha=1.00 n=20
      (-0.1400, -3.5600)
      (-0.1684, -3.3808)
      (-0.2508, -3.2191)
      (-0.3791, -3.0908)
      (-0.5408, -3.0084)
      (-0.7200, -2.9800)
      (-0.8992, -3.0084)
      (-1.0609, -3.0908)
      (-1.1892, -3.2191)
      (-1.2716, -3.3808)
      (-1.3000, -3.5600)
      (-1.2716, -3.7392)
      (-1.1892, -3.9009)
      (-1.0609, -4.0292)
      (-0.8992, -4.1116)
      (-0.7200, -4.1400)
      (-0.5408, -4.1116)
      (-0.3791, -4.0292)
      (-0.2508, -3.9009)
      (-0.1684, -3.7392)
  CollarTrim         trim   loop=False filled=False tone=3 layer=0 strokeMult=0.75 strokeInR=0.09728 noStroke=0 lineAlpha=0.85 n=32
      (-1.0600, -1.0800)
      (-0.9086, -1.1039)
      (-0.7571, -1.1241)
      (-0.6057, -1.1406)
      (-0.4543, -1.1535)
      (-0.3029, -1.1627)
      (-0.1514, -1.1682)
      (+0.0000, -1.1700)
      (+0.1514, -1.1682)
      (+0.3029, -1.1627)
      (+0.4543, -1.1535)
      (+0.6057, -1.1406)
      (+0.7571, -1.1241)
      (+0.9086, -1.1039)
      (+1.0600, -1.0800)
      (+1.1200, -1.5600)
      (+1.1000, -2.0400)
      (+0.9429, -2.0665)
      (+0.7857, -2.0890)
      (+0.6286, -2.1073)
      (+0.4714, -2.1216)
      (+0.3143, -2.1318)
      (+0.1571, -2.1380)
      (+0.0000, -2.1400)
      (-0.1571, -2.1380)
      (-0.3143, -2.1318)
      (-0.4714, -2.1216)
      (-0.6286, -2.1073)
      (-0.7857, -2.0890)
      (-0.9429, -2.0665)
      (-1.1000, -2.0400)
      (-1.1200, -1.5600)

[BACK] Tarp Cape  equip.shoulders.tarpcape   (앵커 y=-1.27818)
  CapeBody           fill   loop=True  filled=True  tone=0 layer=0 strokeMult=1.00 strokeInR=0.12430 noStroke=0 lineAlpha=1.00 n=38  sway=16+7
      (-1.1000, -1.0600)
      (+1.1000, -1.0600)
      (+1.1256, -1.2516)
      (+1.1491, -1.4426)
      (+1.1704, -1.6328)
      (+1.1896, -1.8223)
      (+1.2067, -2.0111)
      (+1.2216, -2.1992)
      (+1.2344, -2.3866)
      (+1.2451, -2.5732)
      (+1.2536, -2.7592)
      (+1.2600, -2.9444)
      (+1.2643, -3.1290)
      (+1.2664, -3.3128)
      (+1.2664, -3.4959)
      (+1.2643, -3.6783)
      (+1.2600, -3.8600)
      (+0.9400, -4.3400)
      (+0.6200, -3.7400)
      (+0.0000, -4.3800)
      (-0.6200, -3.7600)
      (-1.2400, -4.3600)
      (-1.8600, -3.8600)
      (-1.8477, -3.6780)
      (-1.8306, -3.4969)
      (-1.8089, -3.3167)
      (-1.7825, -3.1375)
      (-1.7514, -2.9592)
      (-1.7156, -2.7819)
      (-1.6752, -2.6055)
      (-1.6300, -2.4300)
      (-1.5802, -2.2555)
      (-1.5256, -2.0819)
      (-1.4664, -1.9092)
      (-1.4025, -1.7375)
      (-1.3339, -1.5667)
      (-1.2606, -1.3969)
      (-1.1827, -1.2280)
  CapeYoke           fillns loop=True  filled=True  tone=2 layer=0 strokeMult=1.00 strokeInR=0.12430 noStroke=1 lineAlpha=0.00 n=4
      (-1.0600, -1.1000)
      (+1.0600, -1.1000)
      (+1.2200, -1.8600)
      (-1.2200, -1.8600)
  CapeGem            fill   loop=True  filled=True  tone=1 layer=0 strokeMult=1.00 strokeInR=0.12430 noStroke=0 lineAlpha=1.00 n=6
      (+0.0000, -1.3000)
      (+0.3100, -0.7600)
      (+0.9300, -0.7600)
      (+1.2400, -1.3000)
      (+0.9300, -1.8400)
      (+0.3100, -1.8400)
  CapeTrim           trim   loop=False filled=False tone=3 layer=0 strokeMult=0.75 strokeInR=0.09323 noStroke=0 lineAlpha=0.85 n=38  sway=16+7
      (-1.1000, -1.0600)
      (+1.1000, -1.0600)
      (+1.1256, -1.2516)
      (+1.1491, -1.4426)
      (+1.1704, -1.6328)
      (+1.1896, -1.8223)
      (+1.2067, -2.0111)
      (+1.2216, -2.1992)
      (+1.2344, -2.3866)
      (+1.2451, -2.5732)
      (+1.2536, -2.7592)
      (+1.2600, -2.9444)
      (+1.2643, -3.1290)
      (+1.2664, -3.3128)
      (+1.2664, -3.4959)
      (+1.2643, -3.6783)
      (+1.2600, -3.8600)
      (+0.9400, -4.3400)
      (+0.6200, -3.7400)
      (+0.0000, -4.3800)
      (-0.6200, -3.7600)
      (-1.2400, -4.3600)
      (-1.8600, -3.8600)
      (-1.8477, -3.6780)
      (-1.8306, -3.4969)
      (-1.8089, -3.3167)
      (-1.7825, -3.1375)
      (-1.7514, -2.9592)
      (-1.7156, -2.7819)
      (-1.6752, -2.6055)
      (-1.6300, -2.4300)
      (-1.5802, -2.2555)
      (-1.5256, -2.0819)
      (-1.4664, -1.9092)
      (-1.4025, -1.7375)
      (-1.3339, -1.5667)
      (-1.2606, -1.3969)
      (-1.1827, -1.2280)
  CapeHighlight      hi     loop=False filled=False tone=3 layer=0 strokeMult=0.75 strokeInR=0.09323 noStroke=0 lineAlpha=0.42 n=3
      (+1.1000, -1.0600)
      (+1.0200, -1.7000)
      (+1.0600, -2.2000)

##### 광부 pack.mine (코호트 7)

[HEAD] Miner Helmet  equip.head.minerhelmet   (앵커 y=0.00000)
  HelmetShell        fill   loop=True  filled=True  tone=0 layer=0 strokeMult=1.00 strokeInR=0.13840 noStroke=0 lineAlpha=1.00 n=27
      (-1.4400, +0.3000)
      (-1.4295, +0.4929)
      (-1.3982, +0.6829)
      (-1.3464, +0.8674)
      (-1.2751, +1.0436)
      (-1.1851, +1.2089)
      (-1.0779, +1.3610)
      (-0.9549, +1.4976)
      (-0.8180, +1.6168)
      (-0.6692, +1.7167)
      (-0.5106, +1.7960)
      (-0.3446, +1.8535)
      (-0.1736, +1.8883)
      (+0.0000, +1.9000)
      (+0.1736, +1.8883)
      (+0.3446, +1.8535)
      (+0.5106, +1.7960)
      (+0.6692, +1.7167)
      (+0.8180, +1.6168)
      (+0.9549, +1.4976)
      (+1.0779, +1.3610)
      (+1.1851, +1.2089)
      (+1.2751, +1.0436)
      (+1.3464, +0.8674)
      (+1.3982, +0.6829)
      (+1.4295, +0.4929)
      (+1.4400, +0.3000)
  HelmetCrest        fillns loop=True  filled=True  tone=2 layer=0 strokeMult=1.00 strokeInR=0.13840 noStroke=1 lineAlpha=0.00 n=30
      (-1.2053, +0.8469)
      (-1.1059, +1.0675)
      (-0.9747, +1.2661)
      (-0.8156, +1.4369)
      (-0.6331, +1.5752)
      (-0.4324, +1.6769)
      (-0.2194, +1.7391)
      (+0.0000, +1.7600)
      (+0.2194, +1.7391)
      (+0.4324, +1.6769)
      (+0.6331, +1.5752)
      (+0.8156, +1.4369)
      (+0.9747, +1.2661)
      (+1.1059, +1.0675)
      (+1.2053, +0.8469)
      (+0.7788, +0.6671)
      (+0.7146, +0.8152)
      (+0.6298, +0.9485)
      (+0.5270, +1.0631)
      (+0.4091, +1.1559)
      (+0.2794, +1.2242)
      (+0.1417, +1.2659)
      (+0.0000, +1.2800)
      (-0.1417, +1.2659)
      (-0.2794, +1.2242)
      (-0.4091, +1.1559)
      (-0.5270, +1.0631)
      (-0.6298, +0.9485)
      (-0.7146, +0.8152)
      (-0.7788, +0.6671)
  HelmetBrim         fillns loop=True  filled=True  tone=1 layer=0 strokeMult=1.00 strokeInR=0.13840 noStroke=1 lineAlpha=0.00 n=4
      (+1.2600, +1.0400)
      (+2.1400, +0.7600)
      (+2.1400, +0.1600)
      (+1.2600, -0.0600)
  HelmetBrimEdge     edge   loop=False filled=False tone=4 layer=0 strokeMult=1.00 strokeInR=0.13840 noStroke=0 lineAlpha=1.00 n=4
      (+1.2600, +1.0400)
      (+2.1400, +0.7600)
      (+2.1400, +0.1600)
      (+1.2600, -0.0600)
  HelmetLamp         fill   loop=True  filled=True  tone=0 layer=0 strokeMult=1.00 strokeInR=0.13840 noStroke=0 lineAlpha=1.00 n=20
      (+1.4200, +1.2200)
      (+1.3926, +1.3930)
      (+1.3130, +1.5492)
      (+1.1892, +1.6730)
      (+1.0330, +1.7526)
      (+0.8600, +1.7800)
      (+0.6870, +1.7526)
      (+0.5308, +1.6730)
      (+0.4070, +1.5492)
      (+0.3274, +1.3930)
      (+0.3000, +1.2200)
      (+0.3274, +1.0470)
      (+0.4070, +0.8908)
      (+0.5308, +0.7670)
      (+0.6870, +0.6874)
      (+0.8600, +0.6600)
      (+1.0330, +0.6874)
      (+1.1892, +0.7670)
      (+1.3130, +0.8908)
      (+1.3926, +1.0470)
  HelmetLampRing     trim   loop=True  filled=False tone=3 layer=0 strokeMult=0.75 strokeInR=0.10380 noStroke=0 lineAlpha=0.85 n=20
      (+1.4200, +1.2200)
      (+1.3926, +1.3930)
      (+1.3130, +1.5492)
      (+1.1892, +1.6730)
      (+1.0330, +1.7526)
      (+0.8600, +1.7800)
      (+0.6870, +1.7526)
      (+0.5308, +1.6730)
      (+0.4070, +1.5492)
      (+0.3274, +1.3930)
      (+0.3000, +1.2200)
      (+0.3274, +1.0470)
      (+0.4070, +0.8908)
      (+0.5308, +0.7670)
      (+0.6870, +0.6874)
      (+0.8600, +0.6600)
      (+1.0330, +0.6874)
      (+1.1892, +0.7670)
      (+1.3130, +0.8908)
      (+1.3926, +1.0470)
  HelmetTrimFront    trim   loop=False filled=False tone=3 layer=0 strokeMult=0.75 strokeInR=0.10380 noStroke=0 lineAlpha=0.85 n=10
      (+0.6692, +1.7167)
      (+0.8180, +1.6168)
      (+0.9549, +1.4976)
      (+1.0779, +1.3610)
      (+1.1851, +1.2089)
      (+1.2751, +1.0436)
      (+1.3464, +0.8674)
      (+1.3982, +0.6829)
      (+1.4295, +0.4929)
      (+1.4400, +0.3000)
  HelmetHighlight    hi     loop=False filled=False tone=3 layer=0 strokeMult=0.75 strokeInR=0.10380 noStroke=0 lineAlpha=0.42 n=3
      (-0.8180, +1.6168)
      (-0.5800, +1.6400)
      (-0.1400, +1.7800)

[EYES] Dust Goggles  equip.eyes.dustgoggles   (앵커 y=0.00000)
  GoggleLens         fill   loop=True  filled=True  tone=0 layer=0 strokeMult=1.00 strokeInR=0.11530 noStroke=0 lineAlpha=1.00 n=9
      (-1.1600, +0.2600)
      (+1.1600, +0.2600)
      (+1.4000, +0.0000)
      (+1.0000, -0.3400)
      (+0.3400, -0.3400)
      (+0.0000, -0.4400)
      (-0.3400, -0.3400)
      (-1.0000, -0.3400)
      (-1.4000, +0.0000)
  GoggleBrow         fillns loop=True  filled=True  tone=2 layer=0 strokeMult=1.00 strokeInR=0.11530 noStroke=1 lineAlpha=0.00 n=4
      (-1.0600, +0.4400)
      (+1.0600, +0.4400)
      (+1.0600, -0.1000)
      (-1.0600, -0.1000)
  GoggleBlockBack    fillns loop=True  filled=True  tone=2 layer=0 strokeMult=1.00 strokeInR=0.11530 noStroke=1 lineAlpha=0.00 n=24
      (-1.1400, -0.3400)
      (-1.0782, -0.3302)
      (-1.0224, -0.3018)
      (-0.9782, -0.2576)
      (-0.9498, -0.2018)
      (-0.9400, -0.1400)
      (-0.9400, +0.1200)
      (-0.9498, +0.1818)
      (-0.9782, +0.2376)
      (-1.0224, +0.2818)
      (-1.0782, +0.3102)
      (-1.1400, +0.3200)
      (-1.3600, +0.3200)
      (-1.4218, +0.3102)
      (-1.4776, +0.2818)
      (-1.5218, +0.2376)
      (-1.5502, +0.1818)
      (-1.5600, +0.1200)
      (-1.5600, -0.1400)
      (-1.5502, -0.2018)
      (-1.5218, -0.2576)
      (-1.4776, -0.3018)
      (-1.4218, -0.3302)
      (-1.3600, -0.3400)
  GoggleIndicator    fillns loop=True  filled=True  tone=1 layer=0 strokeMult=1.00 strokeInR=0.11530 noStroke=1 lineAlpha=0.00 n=4
      (+1.5500, +0.2800)
      (+1.3800, -0.5600)
      (+0.9800, -0.5600)
      (+0.8100, +0.2800)
  GoggleStrap        line   loop=False filled=False tone=0 layer=1 strokeMult=1.00 strokeInR=0.11530 noStroke=0 lineAlpha=1.00 n=6
      (-1.1600, +0.2600)
      (-1.1240, +0.3952)
      (-1.0320, +0.5128)
      (-0.8840, +0.6128)
      (-0.6800, +0.6952)
      (-0.4200, +0.7600)
  GoggleTrim         trim   loop=False filled=False tone=3 layer=0 strokeMult=0.75 strokeInR=0.08647 noStroke=0 lineAlpha=0.85 n=9
      (-1.1600, +0.2600)
      (+1.1600, +0.2600)
      (+1.4000, +0.0000)
      (+1.0000, -0.3400)
      (+0.3400, -0.3400)
      (+0.0000, -0.4400)
      (-0.3400, -0.3400)
      (-1.0000, -0.3400)
      (-1.4000, +0.0000)

[NECK] Mine Lamp  equip.neck.minelamp   (앵커 y=-1.27818)
  LampKeeper         fillns loop=True  filled=True  tone=1 layer=0 strokeMult=1.00 strokeInR=0.12970 noStroke=1 lineAlpha=0.00 n=4
      (+1.6200, -1.4400)
      (+0.8600, -2.9200)
      (-0.8600, -2.9200)
      (-1.6200, -1.4400)
  LampBody           fill   loop=True  filled=True  tone=2 layer=0 strokeMult=1.00 strokeInR=0.12970 noStroke=0 lineAlpha=1.00 n=28
      (+0.6200, -2.9400)
      (+0.6821, -2.9318)
      (+0.7400, -2.9078)
      (+0.7897, -2.8697)
      (+0.8278, -2.8200)
      (+0.8518, -2.7621)
      (+0.8600, -2.7000)
      (+0.8600, -1.5400)
      (+0.8518, -1.4779)
      (+0.8278, -1.4200)
      (+0.7897, -1.3703)
      (+0.7400, -1.3322)
      (+0.6821, -1.3082)
      (+0.6200, -1.3000)
      (-0.6200, -1.3000)
      (-0.6821, -1.3082)
      (-0.7400, -1.3322)
      (-0.7897, -1.3703)
      (-0.8278, -1.4200)
      (-0.8518, -1.4779)
      (-0.8600, -1.5400)
      (-0.8600, -2.7000)
      (-0.8518, -2.7621)
      (-0.8278, -2.8200)
      (-0.7897, -2.8697)
      (-0.7400, -2.9078)
      (-0.6821, -2.9318)
      (-0.6200, -2.9400)
  LampLens           fill   loop=True  filled=True  tone=0 layer=0 strokeMult=1.00 strokeInR=0.12970 noStroke=0 lineAlpha=1.00 n=22
      (+0.5800, -1.6600)
      (+0.5565, -1.4966)
      (+0.4879, -1.3464)
      (+0.3798, -1.2217)
      (+0.2409, -1.1324)
      (+0.0825, -1.0859)
      (-0.0825, -1.0859)
      (-0.2409, -1.1324)
      (-0.3798, -1.2217)
      (-0.4879, -1.3464)
      (-0.5565, -1.4966)
      (-0.5800, -1.6600)
      (-0.5565, -1.8234)
      (-0.4879, -1.9736)
      (-0.3798, -2.0983)
      (-0.2409, -2.1876)
      (-0.0825, -2.2341)
      (+0.0825, -2.2341)
      (+0.2409, -2.1876)
      (+0.3798, -2.0983)
      (+0.4879, -1.9736)
      (+0.5565, -1.8234)
  LampLensRing       trim   loop=True  filled=False tone=3 layer=0 strokeMult=0.75 strokeInR=0.09728 noStroke=0 lineAlpha=0.85 n=22
      (+0.5800, -1.6600)
      (+0.5565, -1.4966)
      (+0.4879, -1.3464)
      (+0.3798, -1.2217)
      (+0.2409, -1.1324)
      (+0.0825, -1.0859)
      (-0.0825, -1.0859)
      (-0.2409, -1.1324)
      (-0.3798, -1.2217)
      (-0.4879, -1.3464)
      (-0.5565, -1.4966)
      (-0.5800, -1.6600)
      (-0.5565, -1.8234)
      (-0.4879, -1.9736)
      (-0.3798, -2.0983)
      (-0.2409, -2.1876)
      (-0.0825, -2.2341)
      (+0.0825, -2.2341)
      (+0.2409, -2.1876)
      (+0.3798, -2.0983)
      (+0.4879, -1.9736)
      (+0.5565, -1.8234)

[BACK] Pick Harness  equip.shoulders.pickharness   (앵커 y=-1.27818)
  PickHaft           fill   loop=True  filled=True  tone=0 layer=0 strokeMult=1.00 strokeInR=0.12430 noStroke=0 lineAlpha=1.00 n=4
      (+0.9615, -1.5380)
      (-1.2785, -4.5780)
      (-1.7615, -4.2220)
      (+0.4785, -1.1820)
  PickHead           fill   loop=True  filled=True  tone=1 layer=0 strokeMult=1.00 strokeInR=0.12430 noStroke=0 lineAlpha=1.00 n=4
      (-2.2432, -3.6205)
      (-0.6918, -5.0369)
      (-0.9646, -5.4072)
      (-2.7770, -4.3451)
  PickBlock          fill   loop=True  filled=True  tone=2 layer=0 strokeMult=1.00 strokeInR=0.12430 noStroke=0 lineAlpha=1.00 n=4
      (-1.2334, -4.7191)
      (-1.9097, -4.2208)
      (-1.2690, -3.3513)
      (-0.5927, -3.8496)
  HarnessPad         fill   loop=True  filled=True  tone=0 layer=0 strokeMult=1.00 strokeInR=0.12430 noStroke=0 lineAlpha=1.00 n=20
      (+0.7200, -2.2000)
      (+0.8118, -2.1817)
      (+0.8897, -2.1297)
      (+0.9417, -2.0518)
      (+0.9600, -1.9600)
      (+0.9600, -1.3800)
      (+0.9417, -1.2882)
      (+0.8897, -1.2103)
      (+0.8118, -1.1583)
      (+0.7200, -1.1400)
      (+0.1200, -1.1400)
      (+0.0282, -1.1583)
      (-0.0497, -1.2103)
      (-0.1017, -1.2882)
      (-0.1200, -1.3800)
      (-0.1200, -1.9600)
      (-0.1017, -2.0518)
      (-0.0497, -2.1297)
      (+0.0282, -2.1817)
      (+0.1200, -2.2000)
  HaftGrip           seam   loop=False filled=False tone=4 layer=0 strokeMult=0.80 strokeInR=0.09944 noStroke=0 lineAlpha=0.55 n=2
      (-0.2607, -3.2641)
      (-0.8081, -2.8607)
  HarnessStrap       trim   loop=False filled=False tone=3 layer=0 strokeMult=0.75 strokeInR=0.09323 noStroke=0 lineAlpha=0.85 n=20
      (+0.7200, -2.2000)
      (+0.8118, -2.1817)
      (+0.8897, -2.1297)
      (+0.9417, -2.0518)
      (+0.9600, -1.9600)
      (+0.9600, -1.3800)
      (+0.9417, -1.2882)
      (+0.8897, -1.2103)
      (+0.8118, -1.1583)
      (+0.7200, -1.1400)
      (+0.1200, -1.1400)
      (+0.0282, -1.1583)
      (-0.0497, -1.2103)
      (-0.1017, -1.2882)
      (-0.1200, -1.3800)
      (-0.1200, -1.9600)
      (-0.1017, -2.0518)
      (-0.0497, -2.1297)
      (+0.0282, -2.1817)
      (+0.1200, -2.2000)
  HaftTrim           trim   loop=False filled=False tone=3 layer=0 strokeMult=0.75 strokeInR=0.09323 noStroke=0 lineAlpha=0.85 n=4
      (+0.9615, -1.5380)
      (-1.2785, -4.5780)
      (-1.7615, -4.2220)
      (+0.4785, -1.1820)

##### 대마법사 pack.arcane (코호트 8)

[HEAD] Wizard Hat  equip.head.wizardhat   (앵커 y=0.00000)
  HatBrim            fill   loop=True  filled=True  tone=0 layer=0 strokeMult=1.00 strokeInR=0.13840 noStroke=0 lineAlpha=1.00 n=32
      (-2.2000, +0.3400)
      (-2.0000, +0.4511)
      (-1.8000, +0.5516)
      (-1.6000, +0.6415)
      (-1.4000, +0.7208)
      (-1.2000, +0.7896)
      (-1.0000, +0.8478)
      (-0.8000, +0.8954)
      (-0.6000, +0.9324)
      (-0.4000, +0.9588)
      (-0.2000, +0.9747)
      (+0.0000, +0.9800)
      (+0.2000, +0.9747)
      (+0.4000, +0.9588)
      (+0.6000, +0.9324)
      (+0.8000, +0.8954)
      (+1.0000, +0.8478)
      (+1.2000, +0.7896)
      (+1.4000, +0.7208)
      (+1.6000, +0.6415)
      (+1.8000, +0.5516)
      (+2.0000, +0.4511)
      (+2.2000, +0.3400)
      (+2.0800, -0.0600)
      (+1.8000, -0.3000)
      (+1.4800, -0.0400)
      (+1.2000, +0.3400)
      (+0.0000, +0.3400)
      (-1.2000, +0.3400)
      (-1.4600, -0.0200)
      (-1.7600, -0.1800)
      (-2.0600, -0.0200)
  HatCone            fill   loop=True  filled=True  tone=0 layer=0 strokeMult=1.00 strokeInR=0.13840 noStroke=0 lineAlpha=1.00 n=31
      (+1.4000, +0.3150)
      (+1.3270, +0.4679)
      (+1.2456, +0.6177)
      (+1.1558, +0.7646)
      (+1.0575, +0.9084)
      (+0.9508, +1.0493)
      (+0.8356, +1.1871)
      (+0.7120, +1.3219)
      (+0.5800, +1.4537)
      (+0.4395, +1.5826)
      (+0.2906, +1.7084)
      (+0.1333, +1.8312)
      (-0.0325, +1.9509)
      (-0.2067, +2.0677)
      (-0.3894, +2.1815)
      (-0.5805, +2.2922)
      (-0.7800, +2.4000)
      (-0.8455, +2.2766)
      (-0.9078, +2.1493)
      (-0.9667, +2.0180)
      (-1.0224, +1.8829)
      (-1.0749, +1.7437)
      (-1.1241, +1.6007)
      (-1.1700, +1.4538)
      (-1.2127, +1.3029)
      (-1.2520, +1.1480)
      (-1.2882, +0.9893)
      (-1.3210, +0.8266)
      (-1.3506, +0.6600)
      (-1.3769, +0.4895)
      (-1.4000, +0.3150)
  HatBand            fillns loop=True  filled=True  tone=2 layer=0 strokeMult=1.00 strokeInR=0.13840 noStroke=1 lineAlpha=0.00 n=4
      (+1.3400, +0.3600)
      (+1.0636, +0.9000)
      (-1.3067, +0.9000)
      (-1.3400, +0.3600)
  HatMoon            fillns loop=True  filled=True  tone=1 layer=0 strokeMult=1.00 strokeInR=0.13840 noStroke=1 lineAlpha=0.00 n=40
      (-1.2606, +0.5341)
      (-1.0515, +0.4606)
      (-0.8308, +0.4405)
      (-0.6119, +0.4749)
      (-0.4080, +0.5617)
      (-0.2316, +0.6957)
      (-0.0932, +0.8688)
      (-0.0013, +1.0704)
      (+0.0385, +1.2884)
      (+0.0239, +1.5095)
      (-0.0443, +1.7204)
      (-0.1620, +1.9081)
      (-0.3220, +2.0615)
      (-0.5145, +2.1711)
      (-0.7281, +2.2303)
      (-0.9496, +2.2355)
      (-1.1657, +2.1865)
      (-1.3633, +2.0861)
      (-1.5303, +1.9406)
      (-1.6567, +1.7586)
      (-1.7349, +1.5512)
      (-1.6460, +1.6383)
      (-1.5415, +1.7058)
      (-1.4257, +1.7512)
      (-1.3031, +1.7725)
      (-1.1787, +1.7689)
      (-1.0576, +1.7405)
      (-0.9446, +1.6885)
      (-0.8442, +1.6150)
      (-0.7605, +1.5230)
      (-0.6969, +1.4161)
      (-0.6559, +1.2986)
      (-0.6391, +1.1753)
      (-0.6474, +1.0512)
      (-0.6802, +0.9312)
      (-0.7364, +0.8202)
      (-0.8135, +0.7226)
      (-0.9086, +0.6424)
      (-1.0178, +0.5828)
      (-1.1367, +0.5462)
  HatTrimBrim        trim   loop=False filled=False tone=3 layer=0 strokeMult=0.75 strokeInR=0.10380 noStroke=0 lineAlpha=0.85 n=23
      (-2.2000, +0.3400)
      (-2.0000, +0.4511)
      (-1.8000, +0.5516)
      (-1.6000, +0.6415)
      (-1.4000, +0.7208)
      (-1.2000, +0.7896)
      (-1.0000, +0.8478)
      (-0.8000, +0.8954)
      (-0.6000, +0.9324)
      (-0.4000, +0.9588)
      (-0.2000, +0.9747)
      (+0.0000, +0.9800)
      (+0.2000, +0.9747)
      (+0.4000, +0.9588)
      (+0.6000, +0.9324)
      (+0.8000, +0.8954)
      (+1.0000, +0.8478)
      (+1.2000, +0.7896)
      (+1.4000, +0.7208)
      (+1.6000, +0.6415)
      (+1.8000, +0.5516)
      (+2.0000, +0.4511)
      (+2.2000, +0.3400)
  HatTrimCone        trim   loop=False filled=False tone=3 layer=0 strokeMult=0.75 strokeInR=0.10380 noStroke=0 lineAlpha=0.85 n=17
      (+1.4000, +0.3150)
      (+1.3270, +0.4679)
      (+1.2456, +0.6177)
      (+1.1558, +0.7646)
      (+1.0575, +0.9084)
      (+0.9508, +1.0493)
      (+0.8356, +1.1871)
      (+0.7120, +1.3219)
      (+0.5800, +1.4537)
      (+0.4395, +1.5826)
      (+0.2906, +1.7084)
      (+0.1333, +1.8312)
      (-0.0325, +1.9509)
      (-0.2067, +2.0677)
      (-0.3894, +2.1815)
      (-0.5805, +2.2922)
      (-0.7800, +2.4000)

[EYES] Astro Lens  equip.eyes.astrolens   (앵커 y=0.00000)
  LensDisc           fill   loop=True  filled=True  tone=0 layer=0 strokeMult=1.00 strokeInR=0.11530 noStroke=0 lineAlpha=1.00 n=24
      (+0.5600, +0.0400)
      (+0.5409, +0.1849)
      (+0.4850, +0.3200)
      (+0.3960, +0.4360)
      (+0.2800, +0.5250)
      (+0.1449, +0.5809)
      (+0.0000, +0.6000)
      (-0.1449, +0.5809)
      (-0.2800, +0.5250)
      (-0.3960, +0.4360)
      (-0.4850, +0.3200)
      (-0.5409, +0.1849)
      (-0.5600, +0.0400)
      (-0.5409, -0.1049)
      (-0.4850, -0.2400)
      (-0.3960, -0.3560)
      (-0.2800, -0.4450)
      (-0.1449, -0.5009)
      (-0.0000, -0.5200)
      (+0.1449, -0.5009)
      (+0.2800, -0.4450)
      (+0.3960, -0.3560)
      (+0.4850, -0.2400)
      (+0.5409, -0.1049)
  LensCore           fillns loop=True  filled=True  tone=2 layer=0 strokeMult=1.00 strokeInR=0.11530 noStroke=1 lineAlpha=0.00 n=16
      (+0.2800, +0.0400)
      (+0.2587, +0.1472)
      (+0.1980, +0.2380)
      (+0.1072, +0.2987)
      (+0.0000, +0.3200)
      (-0.1072, +0.2987)
      (-0.1980, +0.2380)
      (-0.2587, +0.1472)
      (-0.2800, +0.0400)
      (-0.2587, -0.0672)
      (-0.1980, -0.1580)
      (-0.1072, -0.2187)
      (-0.0000, -0.2400)
      (+0.1072, -0.2187)
      (+0.1980, -0.1580)
      (+0.2587, -0.0672)
  LensCradle         fillns loop=True  filled=True  tone=1 layer=0 strokeMult=1.00 strokeInR=0.11530 noStroke=1 lineAlpha=0.00 n=40
      (-0.3217, -1.0300)
      (-0.4470, -1.1303)
      (-0.5423, -1.2595)
      (-0.6013, -1.4088)
      (-0.6199, -1.5682)
      (-0.5971, -1.7270)
      (-0.5342, -1.8747)
      (-0.4355, -2.0013)
      (-0.3076, -2.0983)
      (-0.1592, -2.1592)
      (-0.0000, -2.1800)
      (+0.1592, -2.1592)
      (+0.3076, -2.0983)
      (+0.4355, -2.0013)
      (+0.5342, -1.8747)
      (+0.5971, -1.7270)
      (+0.6199, -1.5682)
      (+0.6013, -1.4088)
      (+0.5423, -1.2595)
      (+0.4470, -1.1303)
      (+0.3217, -1.0300)
      (+0.3742, -1.1093)
      (+0.4075, -1.1984)
      (+0.4199, -1.2926)
      (+0.4108, -1.3873)
      (+0.3807, -1.4775)
      (+0.3310, -1.5586)
      (+0.2643, -1.6264)
      (+0.1841, -1.6775)
      (+0.0945, -1.7092)
      (+0.0000, -1.7200)
      (-0.0945, -1.7092)
      (-0.1841, -1.6775)
      (-0.2643, -1.6264)
      (-0.3310, -1.5586)
      (-0.3807, -1.4775)
      (-0.4108, -1.3873)
      (-0.4199, -1.2926)
      (-0.4075, -1.1984)
      (-0.3742, -1.1093)
  LensArm            line   loop=False filled=False tone=0 layer=0 strokeMult=1.00 strokeInR=0.11530 noStroke=0 lineAlpha=1.00 n=6
      (-0.2800, +0.5250)
      (-0.5288, +0.5120)
      (-0.7472, +0.5250)
      (-0.9352, +0.5640)
      (-1.0928, +0.6290)
      (-1.2200, +0.7200)
  LensBezel          trim   loop=False filled=False tone=3 layer=0 strokeMult=0.75 strokeInR=0.08647 noStroke=0 lineAlpha=0.85 n=24
      (+0.5600, +0.0400)
      (+0.5409, +0.1849)
      (+0.4850, +0.3200)
      (+0.3960, +0.4360)
      (+0.2800, +0.5250)
      (+0.1449, +0.5809)
      (+0.0000, +0.6000)
      (-0.1449, +0.5809)
      (-0.2800, +0.5250)
      (-0.3960, +0.4360)
      (-0.4850, +0.3200)
      (-0.5409, +0.1849)
      (-0.5600, +0.0400)
      (-0.5409, -0.1049)
      (-0.4850, -0.2400)
      (-0.3960, -0.3560)
      (-0.2800, -0.4450)
      (-0.1449, -0.5009)
      (-0.0000, -0.5200)
      (+0.1449, -0.5009)
      (+0.2800, -0.4450)
      (+0.3960, -0.3560)
      (+0.4850, -0.2400)
      (+0.5409, -0.1049)

[NECK] Moon Clasp  equip.neck.moonclasp   (앵커 y=-1.27818)
  ClaspPlate         fill   loop=True  filled=True  tone=0 layer=0 strokeMult=1.00 strokeInR=0.12970 noStroke=0 lineAlpha=1.00 n=4
      (-1.4400, -1.1800)
      (+1.4400, -1.1800)
      (+1.4400, -2.2400)
      (-1.4400, -2.2400)
  ClaspMoon          fillns loop=True  filled=True  tone=1 layer=0 strokeMult=1.00 strokeInR=0.12970 noStroke=1 lineAlpha=0.00 n=56
      (-0.5764, -0.8429)
      (-0.7138, -0.9596)
      (-0.8279, -1.0992)
      (-0.9152, -1.2569)
      (-0.9727, -1.4278)
      (-0.9986, -1.6062)
      (-0.9920, -1.7863)
      (-0.9532, -1.9624)
      (-0.8834, -2.1286)
      (-0.7849, -2.2796)
      (-0.6609, -2.4104)
      (-0.5155, -2.5169)
      (-0.3532, -2.5955)
      (-0.1795, -2.6438)
      (-0.0000, -2.6600)
      (+0.1795, -2.6438)
      (+0.3532, -2.5955)
      (+0.5155, -2.5169)
      (+0.6609, -2.4104)
      (+0.7849, -2.2796)
      (+0.8834, -2.1286)
      (+0.9532, -1.9624)
      (+0.9920, -1.7863)
      (+0.9986, -1.6062)
      (+0.9727, -1.4278)
      (+0.9152, -1.2569)
      (+0.8279, -1.0992)
      (+0.7138, -0.9596)
      (+0.5764, -0.8429)
      (+0.6309, -0.9368)
      (+0.6702, -1.0380)
      (+0.6934, -1.1441)
      (+0.6999, -1.2525)
      (+0.6895, -1.3606)
      (+0.6626, -1.4658)
      (+0.6197, -1.5656)
      (+0.5619, -1.6575)
      (+0.4905, -1.7394)
      (+0.4074, -1.8092)
      (+0.3144, -1.8654)
      (+0.2139, -1.9065)
      (+0.1083, -1.9316)
      (+0.0000, -1.9400)
      (-0.1083, -1.9316)
      (-0.2139, -1.9065)
      (-0.3144, -1.8654)
      (-0.4074, -1.8092)
      (-0.4905, -1.7394)
      (-0.5619, -1.6575)
      (-0.6197, -1.5656)
      (-0.6626, -1.4658)
      (-0.6895, -1.3606)
      (-0.6999, -1.2525)
      (-0.6934, -1.1441)
      (-0.6702, -1.0380)
      (-0.6309, -0.9368)
  ClaspOrb           fillns loop=True  filled=True  tone=2 layer=0 strokeMult=1.00 strokeInR=0.12970 noStroke=1 lineAlpha=0.00 n=22
      (+0.5400, -1.6200)
      (+0.5181, -1.4679)
      (+0.4543, -1.3281)
      (+0.3536, -1.2119)
      (+0.2243, -1.1288)
      (+0.0769, -1.0855)
      (-0.0769, -1.0855)
      (-0.2243, -1.1288)
      (-0.3536, -1.2119)
      (-0.4543, -1.3281)
      (-0.5181, -1.4679)
      (-0.5400, -1.6200)
      (-0.5181, -1.7721)
      (-0.4543, -1.9119)
      (-0.3536, -2.0281)
      (-0.2243, -2.1112)
      (-0.0769, -2.1545)
      (+0.0769, -2.1545)
      (+0.2243, -2.1112)
      (+0.3536, -2.0281)
      (+0.4543, -1.9119)
      (+0.5181, -1.7721)
  ClaspTrim          trim   loop=False filled=False tone=3 layer=0 strokeMult=0.75 strokeInR=0.09728 noStroke=0 lineAlpha=0.85 n=4
      (-1.4400, -1.1800)
      (+1.4400, -1.1800)
      (+1.4400, -2.2400)
      (-1.4400, -2.2400)

[BACK] Moon Robe  equip.shoulders.moonrobe   (앵커 y=-1.27818)
  RobeBody           fill   loop=True  filled=True  tone=0 layer=0 strokeMult=1.00 strokeInR=0.12430 noStroke=0 lineAlpha=1.00 n=39  sway=17+7
      (-1.1200, -1.2000)
      (+1.1200, -1.2000)
      (+1.2045, -1.3758)
      (+1.2828, -1.5531)
      (+1.3551, -1.7320)
      (+1.4212, -1.9125)
      (+1.4813, -2.0945)
      (+1.5353, -2.2781)
      (+1.5832, -2.4633)
      (+1.6250, -2.6500)
      (+1.6607, -2.8383)
      (+1.6903, -3.0281)
      (+1.7138, -3.2195)
      (+1.7312, -3.4125)
      (+1.7426, -3.6070)
      (+1.7478, -3.8031)
      (+1.7470, -4.0008)
      (+1.7400, -4.2000)
      (+1.2200, -4.6600)
      (+0.7400, -4.0800)
      (+0.0000, -4.8000)
      (-0.7400, -4.0800)
      (-1.2200, -4.6600)
      (-1.7400, -4.2000)
      (-1.7470, -4.0008)
      (-1.7478, -3.8031)
      (-1.7426, -3.6070)
      (-1.7312, -3.4125)
      (-1.7138, -3.2195)
      (-1.6903, -3.0281)
      (-1.6607, -2.8383)
      (-1.6250, -2.6500)
      (-1.5832, -2.4633)
      (-1.5353, -2.2781)
      (-1.4813, -2.0945)
      (-1.4213, -1.9125)
      (-1.3551, -1.7320)
      (-1.2828, -1.5531)
      (-1.2045, -1.3758)
  RobeYoke           fillns loop=True  filled=True  tone=2 layer=0 strokeMult=1.00 strokeInR=0.12430 noStroke=1 lineAlpha=0.00 n=4
      (-0.8600, -1.2200)
      (+0.8600, -1.2200)
      (+1.1000, -3.3000)
      (-1.1000, -3.3000)
  RobeCollar         fillns loop=True  filled=True  tone=0 layer=0 strokeMult=1.00 strokeInR=0.12430 noStroke=1 lineAlpha=0.00 n=4
      (-0.8400, -1.4400)
      (-0.7000, -0.8600)
      (+0.7000, -0.8600)
      (+0.8400, -1.4400)
  RobeCollarEdge     edge   loop=False filled=False tone=4 layer=0 strokeMult=1.00 strokeInR=0.12430 noStroke=0 lineAlpha=1.00 n=4
      (-0.8400, -1.4400)
      (-0.7000, -0.8600)
      (+0.7000, -0.8600)
      (+0.8400, -1.4400)
  RobeMoon           fillns loop=True  filled=True  tone=1 layer=0 strokeMult=1.00 strokeInR=0.12430 noStroke=1 lineAlpha=0.00 n=48
      (+0.6053, -4.4657)
      (+0.7683, -4.3209)
      (+0.8976, -4.1453)
      (+0.9874, -3.9467)
      (+1.0338, -3.7336)
      (+1.0347, -3.5156)
      (+0.9902, -3.3022)
      (+0.9022, -3.1027)
      (+0.7745, -2.9259)
      (+0.6128, -2.7797)
      (+0.4241, -2.6704)
      (+0.2168, -2.6029)
      (+0.0000, -2.5800)
      (-0.2168, -2.6029)
      (-0.4241, -2.6704)
      (-0.6128, -2.7797)
      (-0.7745, -2.9259)
      (-0.9022, -3.1027)
      (-0.9902, -3.3022)
      (-1.0347, -3.5156)
      (-1.0338, -3.7336)
      (-0.9874, -3.9467)
      (-0.8976, -4.1453)
      (-0.7683, -4.3209)
      (-0.6053, -4.4657)
      (-0.6723, -4.3491)
      (-0.7172, -4.2224)
      (-0.7383, -4.0896)
      (-0.7351, -3.9551)
      (-0.7076, -3.8235)
      (-0.6567, -3.6990)
      (-0.5842, -3.5858)
      (-0.4923, -3.4875)
      (-0.3842, -3.4076)
      (-0.2634, -3.3485)
      (-0.1339, -3.3122)
      (-0.0000, -3.3000)
      (+0.1339, -3.3122)
      (+0.2634, -3.3485)
      (+0.3842, -3.4076)
      (+0.4923, -3.4875)
      (+0.5842, -3.5858)
      (+0.6567, -3.6990)
      (+0.7076, -3.8235)
      (+0.7351, -3.9551)
      (+0.7383, -4.0896)
      (+0.7172, -4.2224)
      (+0.6723, -4.3491)
  RobeTrim           trim   loop=False filled=False tone=3 layer=0 strokeMult=0.75 strokeInR=0.09323 noStroke=0 lineAlpha=0.85 n=39  sway=17+7
      (-1.1200, -1.2000)
      (+1.1200, -1.2000)
      (+1.2045, -1.3758)
      (+1.2828, -1.5531)
      (+1.3551, -1.7320)
      (+1.4212, -1.9125)
      (+1.4813, -2.0945)
      (+1.5353, -2.2781)
      (+1.5832, -2.4633)
      (+1.6250, -2.6500)
      (+1.6607, -2.8383)
      (+1.6903, -3.0281)
      (+1.7138, -3.2195)
      (+1.7312, -3.4125)
      (+1.7426, -3.6070)
      (+1.7478, -3.8031)
      (+1.7470, -4.0008)
      (+1.7400, -4.2000)
      (+1.2200, -4.6600)
      (+0.7400, -4.0800)
      (+0.0000, -4.8000)
      (-0.7400, -4.0800)
      (-1.2200, -4.6600)
      (-1.7400, -4.2000)
      (-1.7470, -4.0008)
      (-1.7478, -3.8031)
      (-1.7426, -3.6070)
      (-1.7312, -3.4125)
      (-1.7138, -3.2195)
      (-1.6903, -3.0281)
      (-1.6607, -2.8383)
      (-1.6250, -2.6500)
      (-1.5832, -2.4633)
      (-1.5353, -2.2781)
      (-1.4813, -2.0945)
      (-1.4213, -1.9125)
      (-1.3551, -1.7320)
      (-1.2828, -1.5531)
      (-1.2045, -1.3758)
