
##### 광부 pack.mine (코호트 7)

[HEAD] 안전모  equip.head.minerhelmet   (앵커 y=0.00000)
  HelmetShell    loop=True  filled=True  tone=0  n=9
      (-1.4400, +0.3000)
      (-1.4400, +0.8600)
      (-1.0600, +1.1400)
      (-0.6200, +1.4000)
      (+0.0000, +1.4800)
      (+0.6200, +1.4000)
      (+1.0600, +1.1400)
      (+1.4400, +0.8600)
      (+1.4400, +0.3000)
  HelmetVisor    loop=True  filled=True  tone=1  n=4
      (+1.4200, +0.9800)
      (+2.1000, +0.7300)
      (+2.1000, +0.2700)
      (+1.4200, +0.0200)
  HelmetRib      loop=False filled=False tone=0  n=3
      (-0.6600, +1.0600)
      (+0.0000, +1.3800)
      (+0.6600, +1.0600)

[EYES] 분진고글  equip.eyes.dustgoggles   (앵커 y=0.00000)
  GoggleFrame    loop=True  filled=True  tone=0  n=6
      (-1.3400, +0.5200)
      (+1.3400, +0.5200)
      (+1.4200, +0.0600)
      (+1.1600, -0.3000)
      (-1.1600, -0.3000)
      (-1.4200, +0.0600)
  GogglePad      loop=True  filled=True  tone=1  n=4
      (-0.5800, -0.2800)
      (+0.5800, -0.2800)
      (+0.3000, -0.9600)
      (-0.3000, -0.9600)
  GoggleStrap    loop=False filled=False tone=0  n=2
      (-1.2800, +0.0600)
      (-1.5800, +0.7600)

[NECK] 가슴 안전등  equip.neck.minelamp   (앵커 y=-1.31818)
  LampYoke       loop=False filled=False tone=0  n=4
      (-0.6400, -1.2600)
      (-0.2600, -1.7000)
      (+0.2600, -1.7000)
      (+0.6400, -1.2600)
  LampShade      loop=True  filled=True  tone=1  n=4
      (-0.7400, -1.7200)
      (+0.7400, -1.7200)
      (+0.3800, -2.4000)
      (-0.3800, -2.4000)
  LampGlass      loop=True  filled=True  tone=0  n=4
      (-0.4400, -2.4000)
      (+0.4400, -2.4000)
      (+0.4400, -3.1400)
      (-0.4400, -3.1400)

[BACK] 곡괭이 멜빵  equip.shoulders.pickharness   (앵커 y=-1.31818)
  PickHaft       loop=False filled=False tone=0  n=2
      (+0.6600, -1.4400)
      (-1.4400, -4.3600)
  PickPad        loop=True  filled=True  tone=0  n=4
      (+0.9800, -1.1600)
      (+0.3200, -1.2200)
      (+0.0600, -2.1000)
      (+0.7200, -2.0400)
  PickBlade      loop=True  filled=True  tone=1  n=4
      (+0.0631, -3.8051)
      (-1.5790, -4.6142)
      (-1.8610, -4.2258)
      (-0.5831, -2.9149)
  PickStrap      loop=False filled=False tone=0  n=2
      (+0.1000, -2.1000)
      (-0.4600, -2.8600)

[PET] 광차  look.pet.orecart   (앵커 y=0.00000)
  CartBody       loop=True  filled=True  tone=0  n=4
      (-0.7200, -0.2000)
      (+0.7200, -0.2000)
      (+0.5600, +0.5200)
      (-0.5600, +0.5200)
  CartLoad       loop=True  filled=True  tone=1  n=4
      (-0.5600, +0.4600)
      (-0.2500, +0.9800)
      (+0.2500, +0.9800)
      (+0.5600, +0.4600)
  CartWheel      loop=False filled=False tone=0  n=4
      (-0.5200, -0.2000)
      (-0.5200, -0.7000)
      (+0.5200, -0.7000)
      (+0.5200, -0.2000)

[FX] 탄가루  look.fx.coaldust   (앵커 y=0.00000)
  DustChip       loop=True  filled=True  tone=0  n=4
      (-0.8800, +0.1387)
      (+0.3427, +0.5379)
      (+0.5773, +0.1421)
      (-0.3600, -0.7387)
  DustSpark      loop=True  filled=True  tone=1  n=4
      (+0.3760, +0.9981)
      (+1.1153, +1.2133)
      (+1.3647, +0.8267)
      (+0.8640, +0.2419)
  DustTrail      loop=False filled=False tone=0  n=2
      (-1.2800, +0.7400)
      (-0.5200, +0.9800)

##### 대마법사 pack.arcane (코호트 8)

[HEAD] 뾰족 모자  equip.head.wizardhat   (앵커 y=0.00000)
  HatCone        loop=True  filled=True  tone=0  n=9
      (-0.3400, +2.4800)
      (+1.3800, +0.3600)
      (+2.2200, +0.1000)
      (+1.9600, -0.3200)
      (+1.3700, +0.3150)
      (-1.3700, +0.3150)
      (-1.9600, -0.3200)
      (-2.2200, +0.1000)
      (-1.3800, +0.3600)
  HatMoon        loop=True  filled=True  tone=1  n=24
      (-0.4744, +0.4999)
      (-0.1923, +0.4219)
      (+0.0980, +0.4593)
      (+0.3510, +0.6064)
      (+0.5272, +0.8400)
      (+0.5991, +1.1237)
      (+0.5554, +1.4131)
      (+0.4029, +1.6629)
      (+0.1654, +1.8340)
      (-0.1197, +1.8997)
      (-0.4081, +1.8497)
      (-0.6545, +1.6918)
      (-0.8205, +1.4508)
      (-0.6687, +1.5601)
      (-0.4894, +1.6133)
      (-0.3025, +1.6045)
      (-0.1290, +1.5347)
      (+0.0119, +1.4116)
      (+0.1043, +1.2489)
      (+0.1380, +1.0649)
      (+0.1093, +0.8801)
      (+0.0212, +0.7150)
      (-0.1162, +0.5882)
      (-0.2878, +0.5137)
  HatBand        loop=False filled=False tone=0  n=2
      (-1.1400, +0.4600)
      (+1.2200, +0.4600)

[EYES] 관측 렌즈  equip.eyes.astrolens   (앵커 y=0.00000)
  LensFront      loop=True  filled=True  tone=0  n=12
      (+0.9000, +0.0200)
      (+0.8491, +0.2100)
      (+0.7100, +0.3491)
      (+0.5200, +0.4000)
      (+0.3300, +0.3491)
      (+0.1909, +0.2100)
      (+0.1400, +0.0200)
      (+0.1909, -0.1700)
      (+0.3300, -0.3091)
      (+0.5200, -0.3600)
      (+0.7100, -0.3091)
      (+0.8491, -0.1700)
  LensBack       loop=True  filled=True  tone=0  n=12
      (-0.1400, +0.0200)
      (-0.1909, +0.2100)
      (-0.3300, +0.3491)
      (-0.5200, +0.4000)
      (-0.7100, +0.3491)
      (-0.8491, +0.2100)
      (-0.9000, +0.0200)
      (-0.8491, -0.1700)
      (-0.7100, -0.3091)
      (-0.5200, -0.3600)
      (-0.3300, -0.3091)
      (-0.1909, -0.1700)
  LensCradle     loop=True  filled=True  tone=1  n=24
      (-0.7180, -0.0240)
      (-0.9288, -0.3493)
      (-0.9999, -0.7304)
      (-0.9209, -1.1099)
      (-0.7034, -1.4308)
      (-0.3803, -1.6449)
      (-0.0000, -1.7200)
      (+0.3803, -1.6449)
      (+0.7034, -1.4308)
      (+0.9209, -1.1099)
      (+0.9999, -0.7304)
      (+0.9288, -0.3493)
      (+0.7180, -0.0240)
      (+0.8098, -0.2908)
      (+0.8056, -0.5729)
      (+0.7061, -0.8369)
      (+0.5230, -1.0516)
      (+0.2779, -1.1915)
      (+0.0000, -1.2400)
      (-0.2779, -1.1915)
      (-0.5230, -1.0516)
      (-0.7061, -0.8369)
      (-0.8056, -0.5729)
      (-0.8098, -0.2908)
  LensArm        loop=False filled=False tone=0  n=2
      (-0.9000, +0.0600)
      (-1.5000, +0.6200)

[NECK] 초승달 걸쇠  equip.neck.moonclasp   (앵커 y=-1.31818)
  ClaspYoke      loop=False filled=False tone=0  n=4
      (-1.0600, -1.3000)
      (-0.6200, -1.1600)
      (+0.6200, -1.1600)
      (+1.0600, -1.3000)
  ClaspCollar    loop=True  filled=True  tone=0  n=4
      (-1.0600, -1.3000)
      (+1.0600, -1.3000)
      (+1.2200, -2.0200)
      (-1.2200, -2.0200)
  ClaspMoon      loop=True  filled=True  tone=1  n=24
      (+0.5549, -3.2881)
      (+0.7222, -3.0348)
      (+0.7800, -2.7368)
      (+0.7197, -2.4393)
      (+0.5504, -2.1873)
      (+0.2978, -2.0191)
      (+0.0000, -1.9600)
      (-0.2978, -2.0191)
      (-0.5504, -2.1873)
      (-0.7197, -2.4393)
      (-0.7800, -2.7368)
      (-0.7222, -3.0348)
      (-0.5549, -3.2881)
      (-0.5988, -3.0979)
      (-0.5793, -2.9037)
      (-0.4984, -2.7260)
      (-0.3648, -2.5837)
      (-0.1926, -2.4918)
      (-0.0000, -2.4600)
      (+0.1926, -2.4918)
      (+0.3648, -2.5837)
      (+0.4984, -2.7260)
      (+0.5793, -2.9037)
      (+0.5988, -3.0979)

[BACK] 초승달 로브  equip.shoulders.moonrobe   (앵커 y=-1.31818)
  RobeBody       loop=True  filled=True  tone=0  n=13
      (-1.1200, -1.2600)
      (+1.1200, -1.2600)
      (+1.7400, -2.7000)
      (+1.7200, -4.3400)
      (+1.5891, -3.9497)
      (+1.2162, -3.6188)
      (+0.6582, -3.3976)
      (+0.0000, -3.3200)
      (-0.6582, -3.3976)
      (-1.2162, -3.6188)
      (-1.5891, -3.9497)
      (-1.7200, -4.3400)
      (-1.7400, -2.7000)
  RobeMoon       loop=True  filled=True  tone=1  n=24
      (+0.2265, -3.1949)
      (+0.5168, -2.9831)
      (+0.7039, -2.6763)
      (+0.7592, -2.3212)
      (+0.6742, -1.9720)
      (+0.4619, -1.6820)
      (+0.1547, -1.4955)
      (-0.2006, -1.4409)
      (-0.5496, -1.5266)
      (-0.8392, -1.7394)
      (-1.0251, -2.0470)
      (-1.0790, -2.4023)
      (-0.9927, -2.7511)
      (-0.9762, -2.5105)
      (-0.8811, -2.2888)
      (-0.7181, -2.1110)
      (-0.5056, -1.9970)
      (-0.2673, -1.9596)
      (-0.0300, -2.0029)
      (+0.1796, -2.1222)
      (+0.3381, -2.3040)
      (+0.4276, -2.5280)
      (+0.4381, -2.7690)
      (+0.3685, -2.9999)
  RobeYoke       loop=False filled=False tone=0  n=3
      (-1.0400, -1.2000)
      (+0.0000, -1.0200)
      (+1.0400, -1.2000)

[PET] 마도서  look.pet.grimoire   (앵커 y=0.00000)
  BookLeaf       loop=True  filled=True  tone=0  n=6
      (-1.0200, -0.2800)
      (+0.0000, -0.0200)
      (+1.0200, -0.2800)
      (+1.0200, +0.3200)
      (+0.0000, +0.6000)
      (-1.0200, +0.3200)
  BookMoon       loop=True  filled=True  tone=1  n=24
      (+0.5187, +0.6900)
      (+0.6572, +0.9189)
      (+0.6996, +1.1830)
      (+0.6399, +1.4437)
      (+0.4868, +1.6630)
      (+0.2626, +1.8089)
      (+0.0000, +1.8600)
      (-0.2626, +1.8089)
      (-0.4868, +1.6630)
      (-0.6399, +1.4437)
      (-0.6996, +1.1830)
      (-0.6572, +0.9189)
      (-0.5187, +0.6900)
      (-0.5398, +0.8547)
      (-0.5098, +1.0180)
      (-0.4316, +1.1645)
      (-0.3126, +1.2803)
      (-0.1641, +1.3545)
      (-0.0000, +1.3800)
      (+0.1641, +1.3545)
      (+0.3126, +1.2803)
      (+0.4316, +1.1645)
      (+0.5098, +1.0180)
      (+0.5398, +0.8547)
  BookSeam       loop=False filled=False tone=0  n=2
      (+0.0000, -0.0200)
      (+0.0000, +0.6000)

[FX] 달무리  look.fx.moonring   (앵커 y=0.00000)
  HaloArc        loop=True  filled=True  tone=0  n=24
      (-0.6280, -1.0329)
      (-0.1856, -1.1568)
      (+0.2703, -1.0993)
      (+0.6681, -0.8693)
      (+0.9453, -0.5029)
      (+1.0586, -0.0576)
      (+0.9900, +0.3967)
      (+0.7505, +0.7888)
      (+0.3775, +1.0572)
      (-0.0704, +1.1596)
      (-0.5229, +1.0801)
      (-0.9091, +0.8312)
      (-1.1684, +0.4518)
      (-0.9224, +0.6779)
      (-0.6130, +0.8036)
      (-0.2791, +0.8132)
      (+0.0371, +0.7054)
      (+0.2956, +0.4938)
      (+0.4638, +0.2052)
      (+0.5205, -0.1240)
      (+0.4584, -0.4522)
      (+0.2855, -0.7380)
      (+0.0236, -0.9453)
      (-0.2943, -1.0479)
  HaloSpark      loop=True  filled=True  tone=1  n=24
      (+0.7105, +0.3775)
      (+0.9598, +0.3203)
      (+1.2122, +0.3622)
      (+1.4297, +0.4969)
      (+1.5796, +0.7042)
      (+1.6394, +0.9529)
      (+1.6002, +1.2057)
      (+1.4678, +1.4246)
      (+1.2620, +1.5767)
      (+1.0139, +1.6391)
      (+0.7607, +1.6025)
      (+0.5405, +1.4724)
      (+0.3863, +1.2683)
      (+0.5231, +1.3458)
      (+0.6773, +1.3770)
      (+0.8335, +1.3587)
      (+0.9763, +1.2929)
      (+1.0916, +1.1859)
      (+1.1679, +1.0484)
      (+1.1978, +0.8940)
      (+1.1783, +0.7379)
      (+1.1112, +0.5957)
      (+1.0032, +0.4813)
      (+0.8651, +0.4061)
  HaloTrail      loop=False filled=False tone=0  n=2
      (-0.3000, -1.2400)
      (+0.6200, -0.9400)
