# R15 두 표면 좌표 전문 — R 단위(머리 중심 원점 · y 위로 · +x 진행 방향), 소수 4자리
# 생성: python3 r15_dump.py   (r15_model.py 가 정본이다 — 이 파일을 손으로 고치지 마라)
# 필드: name tone grade surfaces(B/C/BC) filled loop alpha line_alpha src note

==============================================================================
clothhat  야구모자 / HEAD
-- CARD (인계본 정면 기하, 레이어 전부)
  clothhat.B0            t0 g1 C  filled=1 loop=1 alpha=grad lalpha=1.00 src=B0   잉크 1.396×0.989R  그라디언트→평면
      (-0.6922,0.5197) (-0.6982,0.6395) (-0.6977,0.7515) (-0.6905,0.8558) (-0.6768,0.9524) (-0.6565,1.0412) (-0.6297,1.1223) (-0.5963,1.1957) (-0.5563,1.2614) (-0.5097,1.3194) (-0.4566,1.3696) (-0.3969,1.4121) (-0.3307,1.4468) (-0.2579,1.4739) (-0.1785,1.4932) (-0.0925,1.5048) (0.0000,1.5086) (0.0925,1.5048) (0.1785,1.4932) (0.2579,1.4739) (0.3307,1.4468) (0.3969,1.4121) (0.4566,1.3696) (0.5097,1.3194) (0.5563,1.2614) (0.5963,1.1957) (0.6297,1.1223) (0.6565,1.0412) (0.6768,0.9524) (0.6905,0.8558) (0.6977,0.7515) (0.6982,0.6395) (0.6922,0.5197)
  clothhat.F1            t1 g1 C  filled=1 loop=1 alpha=0.50 lalpha=1.00 src=F1   잉크 1.286×0.358R  
      (-0.6230,0.8906) (-0.5451,0.9108) (-0.4673,0.9284) (-0.3894,0.9433) (-0.3115,0.9555) (-0.2336,0.9649) (-0.1558,0.9717) (-0.0779,0.9757) (0.0000,0.9771) (0.0779,0.9757) (0.1558,0.9717) (0.2336,0.9649) (0.3115,0.9555) (0.3894,0.9433) (0.4673,0.9284) (0.5451,0.9108) (0.6230,0.8906) (0.6428,0.6186) (0.5625,0.6383) (0.4821,0.6554) (0.4018,0.6698) (0.3214,0.6817) (0.2411,0.6909) (0.1607,0.6974) (0.0804,0.7014) (0.0000,0.7027) (-0.0804,0.7014) (-0.1607,0.6974) (-0.2411,0.6909) (-0.3214,0.6817) (-0.4018,0.6698) (-0.4821,0.6554) (-0.5625,0.6383) (-0.6428,0.6186)
  clothhat.B2            t0 g1 C  filled=1 loop=1 alpha=grad lalpha=1.00 src=B2   잉크 2.472×0.433R  그라디언트→평면
      (-1.2362,0.5197) (-1.0816,0.5632) (-0.9271,0.6008) (-0.7726,0.6327) (-0.6181,0.6588) (-0.4636,0.6791) (-0.3090,0.6936) (-0.1545,0.7022) (0.0000,0.7051) (0.1545,0.7022) (0.3090,0.6936) (0.4636,0.6791) (0.6181,0.6588) (0.7726,0.6327) (0.9271,0.6008) (1.0816,0.5632) (1.2362,0.5197) (1.0816,0.4618) (0.9271,0.4116) (0.7726,0.3691) (0.6181,0.3343) (0.4636,0.3073) (0.3090,0.2879) (0.1545,0.2764) (0.0000,0.2725) (-0.1545,0.2764) (-0.3090,0.2879) (-0.4636,0.3073) (-0.6181,0.3343) (-0.7726,0.3691) (-0.9271,0.4116) (-1.0816,0.4618) (-1.2362,0.5197)
  clothhat.H3            t3 g2 C  filled=0 loop=0 alpha=grad lalpha=1.00 src=H3   잉크 0.371×0.198R  
      (-0.4203,1.2120) (-0.4015,1.2336) (-0.3820,1.2540) (-0.3621,1.2732) (-0.3415,1.2911) (-0.3203,1.3078) (-0.2986,1.3232) (-0.2763,1.3374) (-0.2534,1.3504) (-0.2299,1.3622) (-0.2059,1.3727) (-0.1813,1.3819) (-0.1561,1.3900) (-0.1303,1.3968) (-0.1039,1.4023) (-0.0770,1.4067) (-0.0494,1.4098)
-- BODY (3/4 기하 + 레이어; 몸 생존 조각만 B 비트)
  HatCrown               t0 g1 BC filled=1 loop=1 alpha=grad lalpha=1.00 src=     잉크 2.040×1.440R  
      (-1.0200,-0.2200) (-1.0200,0.3600) (-0.7200,1.0400) (0.0000,1.2200) (0.7200,1.0200) (1.0200,0.3400) (1.0200,-0.0600) (0.6000,0.0400) (-0.4000,0.0600)
  HatBrim                t0 g1 BC filled=1 loop=1 alpha=grad lalpha=1.00 src=     잉크 2.320×0.600R  챙 보조색→주색(인계본 B)
      (-0.4000,0.0600) (0.6000,0.0400) (1.3600,-0.0200) (1.9200,-0.3400) (1.2200,-0.5400) (0.6200,-0.2600) (-0.0600,-0.1200)
  HatBand                t1 g1 BC filled=1 loop=1 alpha=grad lalpha=1.00 src=     잉크 2.040×0.460R  띠 그늘→보조색(인계본 F)
      (-1.0200,-0.0200) (1.0200,-0.0200) (1.0200,0.4400) (-1.0200,0.4400)
  HatHighlight           t3 g2 BC filled=0 loop=0 alpha=grad lalpha=1.00 src=H3   잉크 0.542×0.288R  
      (-0.6140,0.7880) (-0.5865,0.8195) (-0.5581,0.8492) (-0.5289,0.8771) (-0.4989,0.9032) (-0.4680,0.9275) (-0.4362,0.9500) (-0.4036,0.9707) (-0.3702,0.9896) (-0.3359,1.0067) (-0.3008,1.0220) (-0.2648,1.0355) (-0.2280,1.0472) (-0.1903,1.0571) (-0.1518,1.0652) (-0.1124,1.0715) (-0.0722,1.0760)

==============================================================================
furhat  털모자 / HEAD
-- CARD (인계본 정면 기하, 레이어 전부)
  furhat.CB0             t0 g1 C  filled=1 loop=1 alpha=grad lalpha=1.00 src=CB0  잉크 0.455×0.455R  그라디언트→평면
      (0.2275,1.9784) (0.2197,1.9195) (0.1970,1.8647) (0.1608,1.8176) (0.1137,1.7814) (0.0589,1.7587) (0.0000,1.7509) (-0.0589,1.7587) (-0.1137,1.7814) (-0.1608,1.8176) (-0.1970,1.8647) (-0.2197,1.9195) (-0.2275,1.9784) (-0.2197,2.0373) (-0.1970,2.0921) (-0.1608,2.1392) (-0.1137,2.1754) (-0.0589,2.1981) (0.0000,2.2058) (0.0589,2.1981) (0.1137,2.1754) (0.1608,2.1392) (0.1970,2.0921) (0.2197,2.0373)
  furhat.B1              t0 g1 C  filled=1 loop=1 alpha=grad lalpha=1.00 src=B1   잉크 1.137×1.063R  그라디언트→평면
      (-0.5686,0.8164) (-0.5664,0.9451) (-0.5597,1.0656) (-0.5486,1.1777) (-0.5331,1.2815) (-0.5131,1.3770) (-0.4887,1.4642) (-0.4598,1.5431) (-0.4265,1.6137) (-0.3887,1.6760) (-0.3465,1.7300) (-0.2999,1.7757) (-0.2488,1.8130) (-0.1932,1.8421) (-0.1333,1.8629) (-0.0689,1.8753) (0.0000,1.8795) (0.0689,1.8753) (0.1333,1.8629) (0.1932,1.8421) (0.2488,1.8130) (0.2999,1.7757) (0.3465,1.7300) (0.3887,1.6760) (0.4265,1.6137) (0.4598,1.5431) (0.4887,1.4642) (0.5131,1.3770) (0.5331,1.2815) (0.5486,1.1777) (0.5597,1.0656) (0.5664,0.9451) (0.5686,0.8164)
  furhat.H2              t3 g2 C  filled=0 loop=0 alpha=grad lalpha=1.00 src=H2   잉크 0.272×0.297R  
      (-0.3461,1.4592) (-0.3364,1.4864) (-0.3256,1.5125) (-0.3140,1.5374) (-0.3013,1.5612) (-0.2877,1.5838) (-0.2731,1.6052) (-0.2576,1.6255) (-0.2411,1.6446) (-0.2236,1.6626) (-0.2051,1.6794) (-0.1857,1.6950) (-0.1653,1.7095) (-0.1440,1.7228) (-0.1217,1.7350) (-0.0984,1.7460) (-0.0742,1.7559)
  furhat.B3              t1 g1 C  filled=1 loop=1 alpha=0.22 lalpha=1.00 src=B3   잉크 2.101×0.791R  
      (-0.9889,0.7917) (-0.8653,0.8178) (-0.7417,0.8403) (-0.6181,0.8595) (-0.4945,0.8751) (-0.3708,0.8873) (-0.2472,0.8960) (-0.1236,0.9012) (0.0000,0.9029) (0.1236,0.9012) (0.2472,0.8960) (0.3708,0.8873) (0.4945,0.8751) (0.6181,0.8595) (0.7417,0.8403) (0.8653,0.8178) (0.9889,0.7917) (1.0034,0.7576) (1.0160,0.7233) (1.0266,0.6888) (1.0353,0.6542) (1.0420,0.6193) (1.0469,0.5842) (1.0498,0.5490) (1.0507,0.5135) (1.0498,0.4779) (1.0469,0.4421) (1.0420,0.4061) (1.0353,0.3698) (1.0266,0.3334) (1.0160,0.2968) (1.0034,0.2600) (0.9889,0.2230) (0.8653,0.1970) (0.7417,0.1744) (0.6181,0.1552) (0.4945,0.1396) (0.3708,0.1274) (0.2472,0.1187) (0.1236,0.1135) (0.0000,0.1118) (-0.1236,0.1135) (-0.2472,0.1187) (-0.3708,0.1274) (-0.4945,0.1396) (-0.6181,0.1552) (-0.7417,0.1744) (-0.8653,0.1970) (-0.9889,0.2230) (-1.0034,0.2600) (-1.0160,0.2968) (-1.0266,0.3334) (-1.0353,0.3698) (-1.0420,0.4061) (-1.0469,0.4421) (-1.0498,0.4779) (-1.0507,0.5135) (-1.0498,0.5490) (-1.0469,0.5842) (-1.0420,0.6193) (-1.0353,0.6542) (-1.0266,0.6888) (-1.0160,0.7233) (-1.0034,0.7576) (-0.9889,0.7917)
  furhat.S4              t0 g2 C  filled=0 loop=0 alpha=grad lalpha=0.55 src=S4   잉크 1.582×0.087R  
      (-0.7911,0.5939) (-0.7664,0.5736) (-0.7417,0.5560) (-0.7170,0.5412) (-0.6922,0.5290) (-0.6675,0.5195) (-0.6428,0.5128) (-0.6181,0.5087) (-0.5934,0.5074) (-0.5686,0.5087) (-0.5439,0.5128) (-0.5192,0.5195) (-0.4945,0.5290) (-0.4697,0.5412) (-0.4450,0.5560) (-0.4203,0.5736) (-0.3956,0.5939) (-0.3708,0.5736) (-0.3461,0.5560) (-0.3214,0.5412) (-0.2967,0.5290) (-0.2720,0.5195) (-0.2472,0.5128) (-0.2225,0.5087) (-0.1978,0.5074) (-0.1731,0.5087) (-0.1483,0.5128) (-0.1236,0.5195) (-0.0989,0.5290) (-0.0742,0.5412) (-0.0494,0.5560) (-0.0247,0.5736) (0.0000,0.5939) (0.0247,0.5736) (0.0494,0.5560) (0.0742,0.5412) (0.0989,0.5290) (0.1236,0.5195) (0.1483,0.5128) (0.1731,0.5087) (0.1978,0.5074) (0.2225,0.5087) (0.2472,0.5128) (0.2720,0.5195) (0.2967,0.5290) (0.3214,0.5412) (0.3461,0.5560) (0.3708,0.5736) (0.3956,0.5939) (0.4203,0.5736) (0.4450,0.5560) (0.4697,0.5412) (0.4945,0.5290) (0.5192,0.5195) (0.5439,0.5128) (0.5686,0.5087) (0.5934,0.5074) (0.6181,0.5087) (0.6428,0.5128) (0.6675,0.5195) (0.6922,0.5290) (0.7170,0.5412) (0.7417,0.5560) (0.7664,0.5736) (0.7911,0.5939)
-- BODY (3/4 기하 + 레이어; 몸 생존 조각만 B 비트)
  BeanieCrown            t0 g1 BC filled=1 loop=1 alpha=grad lalpha=1.00 src=     잉크 1.140×0.940R  단을 분리(0.50 위만)
      (-0.5700,0.5000) (-0.5000,1.0600) (0.0000,1.4400) (0.5000,1.0600) (0.5700,0.5000)
  BeanieCuff             t1 g1 BC filled=1 loop=1 alpha=grad lalpha=1.00 src=     잉크 2.100×0.580R  접힌 단 = 채운 띠 0.58R(보조색)
      (-1.0500,-0.0600) (1.0500,-0.0600) (1.0500,0.5200) (-1.0500,0.5200)
  BeaniePom              t0 g1 BC filled=1 loop=1 alpha=grad lalpha=1.00 src=     잉크 0.533×0.560R  폼폼 보조색→주색(인계본 CB)
      (-0.1000,1.7200) (-0.2646,1.6665) (-0.3663,1.5265) (-0.3663,1.3535) (-0.2646,1.2135) (-0.1000,1.1600) (0.0646,1.2135) (0.1663,1.3535) (0.1663,1.5265) (0.0646,1.6665)
  BeanieCuffWave         t2 g2 C  filled=0 loop=0 alpha=grad lalpha=1.00 src=S4   잉크 1.581×0.063R  털 결 — 규칙은 통과(1-A 1.58R)하지만 첫 시트에서 눈으로 기각: 진폭 0.17R = 디테일획 폭이라 「결」이 아니라 「굵은 물결선」으로 읽힌다(2× Retina 에서 2px). 카드 전용.
      (-0.7906,0.2934) (-0.7659,0.2786) (-0.7412,0.2657) (-0.7165,0.2548) (-0.6918,0.2459) (-0.6671,0.2389) (-0.6424,0.2340) (-0.6176,0.2310) (-0.5929,0.2300) (-0.5682,0.2310) (-0.5435,0.2340) (-0.5188,0.2389) (-0.4941,0.2459) (-0.4694,0.2548) (-0.4447,0.2657) (-0.4200,0.2786) (-0.3953,0.2934) (-0.3706,0.2786) (-0.3459,0.2657) (-0.3212,0.2548) (-0.2965,0.2459) (-0.2718,0.2389) (-0.2471,0.2340) (-0.2224,0.2310) (-0.1976,0.2300) (-0.1729,0.2310) (-0.1482,0.2340) (-0.1235,0.2389) (-0.0988,0.2459) (-0.0741,0.2548) (-0.0494,0.2657) (-0.0247,0.2786) (0.0000,0.2934) (0.0247,0.2786) (0.0494,0.2657) (0.0741,0.2548) (0.0988,0.2459) (0.1235,0.2389) (0.1482,0.2340) (0.1729,0.2310) (0.1976,0.2300) (0.2224,0.2310) (0.2471,0.2340) (0.2718,0.2389) (0.2965,0.2459) (0.3212,0.2548) (0.3459,0.2657) (0.3706,0.2786) (0.3953,0.2934) (0.4200,0.2786) (0.4447,0.2657) (0.4694,0.2548) (0.4941,0.2459) (0.5188,0.2389) (0.5435,0.2340) (0.5682,0.2310) (0.5929,0.2300) (0.6176,0.2310) (0.6424,0.2340) (0.6671,0.2389) (0.6918,0.2459) (0.7165,0.2548) (0.7412,0.2657) (0.7659,0.2786) (0.7906,0.2934)
  BeanieHighlight        t3 g2 BC filled=0 loop=0 alpha=grad lalpha=1.00 src=H2   잉크 0.273×0.262R  
      (-0.3470,1.0684) (-0.3372,1.0925) (-0.3264,1.1155) (-0.3147,1.1375) (-0.3020,1.1585) (-0.2884,1.1785) (-0.2738,1.1975) (-0.2582,1.2154) (-0.2416,1.2323) (-0.2241,1.2482) (-0.2056,1.2631) (-0.1862,1.2769) (-0.1657,1.2897) (-0.1443,1.3015) (-0.1220,1.3123) (-0.0986,1.3220) (-0.0743,1.3307)

==============================================================================
fedora  중절모 / HEAD
-- CARD (인계본 정면 기하, 레이어 전부)
  fedora.B0              t0 g1 C  filled=1 loop=1 alpha=grad lalpha=1.00 src=B0   잉크 1.211×1.211R  그라디언트→평면
      (-0.5934,0.5197) (-0.6009,0.6577) (-0.6049,0.7874) (-0.6055,0.9088) (-0.6026,1.0219) (-0.5963,1.1267) (-0.5864,1.2232) (-0.5731,1.3113) (-0.5563,1.3912) (-0.5360,1.4628) (-0.5122,1.5260) (-0.4850,1.5810) (-0.4543,1.6276) (-0.4201,1.6660) (-0.3824,1.6960) (-0.3413,1.7177) (-0.2967,1.7312) (-0.2781,1.6862) (-0.2596,1.6442) (-0.2411,1.6051) (-0.2225,1.5689) (-0.2040,1.5356) (-0.1854,1.5052) (-0.1669,1.4776) (-0.1483,1.4530) (-0.1298,1.4313) (-0.1113,1.4125) (-0.0927,1.3965) (-0.0742,1.3835) (-0.0556,1.3733) (-0.0371,1.3661) (-0.0185,1.3618) (0.0000,1.3603) (0.0185,1.3618) (0.0371,1.3661) (0.0556,1.3733) (0.0742,1.3835) (0.0927,1.3965) (0.1113,1.4125) (0.1298,1.4313) (0.1483,1.4530) (0.1669,1.4776) (0.1854,1.5052) (0.2040,1.5356) (0.2225,1.5689) (0.2411,1.6051) (0.2596,1.6442) (0.2781,1.6862) (0.2967,1.7312) (0.3413,1.7177) (0.3824,1.6960) (0.4201,1.6660) (0.4543,1.6276) (0.4850,1.5810) (0.5122,1.5260) (0.5360,1.4628) (0.5563,1.3912) (0.5731,1.3113) (0.5864,1.2232) (0.5963,1.1267) (0.6026,1.0219) (0.6055,0.9088) (0.6049,0.7874) (0.6009,0.6577) (0.5934,0.5197)
  fedora.F1              t1 g1 C  filled=1 loop=1 alpha=0.55 lalpha=1.00 src=F1   잉크 1.216×0.346R  
      (-0.5934,0.8856) (-0.5192,0.9042) (-0.4450,0.9202) (-0.3708,0.9338) (-0.2967,0.9450) (-0.2225,0.9536) (-0.1483,0.9598) (-0.0742,0.9635) (0.0000,0.9647) (0.0742,0.9635) (0.1483,0.9598) (0.2225,0.9536) (0.2967,0.9450) (0.3708,0.9338) (0.4450,0.9202) (0.5192,0.9042) (0.5934,0.8856) (0.6082,0.6186) (0.5322,0.6372) (0.4561,0.6532) (0.3801,0.6668) (0.3041,0.6779) (0.2281,0.6866) (0.1520,0.6928) (0.0760,0.6965) (0.0000,0.6977) (-0.0760,0.6965) (-0.1520,0.6928) (-0.2281,0.6866) (-0.3041,0.6779) (-0.3801,0.6668) (-0.4561,0.6532) (-0.5322,0.6372) (-0.6082,0.6186)
  fedora.B2              t0 g1 C  filled=1 loop=1 alpha=grad lalpha=1.00 src=B2   잉크 2.571×0.457R  그라디언트→평면
      (-1.2856,0.4950) (-1.1249,0.5443) (-0.9642,0.5869) (-0.8035,0.6231) (-0.6428,0.6526) (-0.4821,0.6756) (-0.3214,0.6920) (-0.1607,0.7019) (0.0000,0.7051) (0.1607,0.7019) (0.3214,0.6920) (0.4821,0.6756) (0.6428,0.6526) (0.8035,0.6231) (0.9642,0.5869) (1.1249,0.5443) (1.2856,0.4950) (1.1249,0.4371) (0.9642,0.3868) (0.8035,0.3443) (0.6428,0.3096) (0.4821,0.2825) (0.3214,0.2632) (0.1607,0.2516) (0.0000,0.2478) (-0.1607,0.2516) (-0.3214,0.2632) (-0.4821,0.2825) (-0.6428,0.3096) (-0.8035,0.3443) (-0.9642,0.3868) (-1.1249,0.4371) (-1.2856,0.4950)
  fedora.H3              t3 g2 C  filled=0 loop=0 alpha=grad lalpha=1.00 src=H3   잉크 0.198×0.321R  
      (-0.3956,1.3109) (-0.3861,1.3411) (-0.3763,1.3700) (-0.3660,1.3975) (-0.3554,1.4237) (-0.3444,1.4485) (-0.3330,1.4719) (-0.3212,1.4941) (-0.3090,1.5148) (-0.2965,1.5342) (-0.2835,1.5523) (-0.2702,1.5690) (-0.2565,1.5844) (-0.2424,1.5984) (-0.2279,1.6110) (-0.2130,1.6223) (-0.1978,1.6323)
-- BODY (3/4 기하 + 레이어; 몸 생존 조각만 B 비트)
  FedoraBrim             t0 g1 BC filled=1 loop=1 alpha=grad lalpha=1.00 src=     잉크 2.580×0.460R  
      (-1.1000,0.1500) (-0.6100,0.3000) (0.1900,0.3600) (0.6100,0.3400) (1.4800,0.1500) (0.9900,-0.0100) (0.1900,-0.1000) (-0.6100,-0.0100)
  FedoraCrown            t0 g1 BC filled=1 loop=1 alpha=grad lalpha=1.00 src=     잉크 1.220×1.080R  
      (-0.6100,0.3000) (-0.6100,0.8600) (-0.3000,1.3800) (0.0000,1.0100) (0.3000,1.3800) (0.6100,0.8600) (0.6100,0.3400)
  FedoraBand             t1 g1 BC filled=1 loop=1 alpha=grad lalpha=1.00 src=     잉크 1.220×0.500R  
      (-0.6100,0.3000) (0.6100,0.3400) (0.6100,0.8000) (-0.6100,0.7600)
  FedoraHighlight        t3 g2 BC filled=0 loop=0 alpha=grad lalpha=1.00 src=H3   잉크 0.199×0.287R  
      (-0.3985,1.0053) (-0.3890,1.0323) (-0.3790,1.0580) (-0.3687,1.0825) (-0.3580,1.1059) (-0.3469,1.1280) (-0.3355,1.1489) (-0.3236,1.1686) (-0.3113,1.1871) (-0.2987,1.2044) (-0.2856,1.2205) (-0.2722,1.2354) (-0.2584,1.2491) (-0.2442,1.2616) (-0.2296,1.2729) (-0.2146,1.2830) (-0.1992,1.2918)

==============================================================================
crown  왕관 / HEAD
-- CARD (인계본 정면 기하, 레이어 전부)
  crown.B0               t0 g1 C  filled=1 loop=1 alpha=grad lalpha=1.00 src=B0   잉크 1.879×1.360R  그라디언트→평면
      (-0.9395,0.5197) (-0.8406,1.7064) (-0.4203,1.1131) (0.0000,1.8795) (0.4203,1.1131) (0.8406,1.7064) (0.9395,0.5197)
  crown.B1               t0 g1 C  filled=1 loop=1 alpha=grad lalpha=1.00 src=B1   잉크 2.027×0.433R  그라디언트→평면
      (-0.9642,0.5444) (0.9642,0.5444) (1.0136,0.2230) (0.8869,0.1970) (0.7602,0.1744) (0.6335,0.1552) (0.5068,0.1396) (0.3801,0.1274) (0.2534,0.1187) (0.1267,0.1135) (0.0000,0.1118) (-0.1267,0.1135) (-0.2534,0.1187) (-0.3801,0.1274) (-0.5068,0.1396) (-0.6335,0.1552) (-0.7602,0.1744) (-0.8869,0.1970) (-1.0136,0.2230)
  crown.CF2              t1 g1 C  filled=1 loop=1 alpha=1.00 lalpha=1.00 src=CF2  잉크 0.277×0.277R  
      (0.1384,0.3714) (0.1337,0.3356) (0.1199,0.3022) (0.0979,0.2735) (0.0692,0.2515) (0.0358,0.2377) (0.0000,0.2329) (-0.0358,0.2377) (-0.0692,0.2515) (-0.0979,0.2735) (-0.1199,0.3022) (-0.1337,0.3356) (-0.1384,0.3714) (-0.1337,0.4072) (-0.1199,0.4406) (-0.0979,0.4693) (-0.0692,0.4913) (-0.0358,0.5051) (0.0000,0.5098) (0.0358,0.5051) (0.0692,0.4913) (0.0979,0.4693) (0.1199,0.4406) (0.1337,0.4072)
  crown.CF3              t1 g1 C  filled=1 loop=1 alpha=1.00 lalpha=1.00 src=CF3  잉크 0.188×0.188R  
      (-0.4500,0.3516) (-0.4532,0.3273) (-0.4625,0.3046) (-0.4775,0.2852) (-0.4969,0.2702) (-0.5196,0.2609) (-0.5439,0.2577) (-0.5682,0.2609) (-0.5909,0.2702) (-0.6103,0.2852) (-0.6253,0.3046) (-0.6347,0.3273) (-0.6379,0.3516) (-0.6347,0.3759) (-0.6253,0.3986) (-0.6103,0.4180) (-0.5909,0.4330) (-0.5682,0.4424) (-0.5439,0.4456) (-0.5196,0.4424) (-0.4969,0.4330) (-0.4775,0.4180) (-0.4625,0.3986) (-0.4532,0.3759)
  crown.CF4              t1 g1 C  filled=1 loop=1 alpha=1.00 lalpha=1.00 src=CF4  잉크 0.188×0.188R  
      (0.6379,0.3516) (0.6347,0.3273) (0.6253,0.3046) (0.6103,0.2852) (0.5909,0.2702) (0.5682,0.2609) (0.5439,0.2577) (0.5196,0.2609) (0.4969,0.2702) (0.4775,0.2852) (0.4625,0.3046) (0.4532,0.3273) (0.4500,0.3516) (0.4532,0.3759) (0.4625,0.3986) (0.4775,0.4180) (0.4969,0.4330) (0.5196,0.4424) (0.5439,0.4456) (0.5682,0.4424) (0.5909,0.4330) (0.6103,0.4180) (0.6253,0.3986) (0.6347,0.3759)
  crown.CB5              t1 g1 C  filled=1 loop=1 alpha=1.00 lalpha=1.00 src=CB5  잉크 0.257×0.257R  
      (0.1286,1.8053) (0.1242,1.7720) (0.1113,1.7410) (0.0909,1.7144) (0.0643,1.6940) (0.0333,1.6811) (0.0000,1.6768) (-0.0333,1.6811) (-0.0643,1.6940) (-0.0909,1.7144) (-0.1113,1.7410) (-0.1242,1.7720) (-0.1286,1.8053) (-0.1242,1.8386) (-0.1113,1.8696) (-0.0909,1.8962) (-0.0643,1.9167) (-0.0333,1.9295) (0.0000,1.9339) (0.0333,1.9295) (0.0643,1.9167) (0.0909,1.8962) (0.1113,1.8696) (0.1242,1.8386)
  crown.CB6              t1 g1 C  filled=1 loop=1 alpha=1.00 lalpha=1.00 src=CB6  잉크 0.208×0.208R  
      (-0.7367,1.6323) (-0.7403,1.6054) (-0.7507,1.5803) (-0.7672,1.5588) (-0.7887,1.5423) (-0.8137,1.5320) (-0.8406,1.5284) (-0.8675,1.5320) (-0.8925,1.5423) (-0.9140,1.5588) (-0.9305,1.5803) (-0.9409,1.6054) (-0.9444,1.6323) (-0.9409,1.6591) (-0.9305,1.6842) (-0.9140,1.7057) (-0.8925,1.7222) (-0.8675,1.7326) (-0.8406,1.7361) (-0.8137,1.7326) (-0.7887,1.7222) (-0.7672,1.7057) (-0.7507,1.6842) (-0.7403,1.6591)
  crown.CB7              t1 g1 C  filled=1 loop=1 alpha=1.00 lalpha=1.00 src=CB7  잉크 0.208×0.208R  
      (0.9444,1.6323) (0.9409,1.6054) (0.9305,1.5803) (0.9140,1.5588) (0.8925,1.5423) (0.8675,1.5320) (0.8406,1.5284) (0.8137,1.5320) (0.7887,1.5423) (0.7672,1.5588) (0.7507,1.5803) (0.7403,1.6054) (0.7367,1.6323) (0.7403,1.6591) (0.7507,1.6842) (0.7672,1.7057) (0.7887,1.7222) (0.8137,1.7326) (0.8406,1.7361) (0.8675,1.7326) (0.8925,1.7222) (0.9140,1.7057) (0.9305,1.6842) (0.9409,1.6591)
  crown.H8               t3 g2 C  filled=0 loop=0 alpha=grad lalpha=1.00 src=H8   잉크 0.173×0.247R  
      (-0.7170,1.3603) (-0.5439,1.1131)
-- BODY (3/4 기하 + 레이어; 몸 생존 조각만 B 비트)
  CrownBody              t0 g1 BC filled=1 loop=1 alpha=grad lalpha=1.00 src=     잉크 1.880×1.250R  
      (-0.9400,0.2700) (-0.8400,1.3600) (-0.4200,0.8200) (0.0000,1.5200) (0.4200,0.8200) (0.8400,1.3600) (0.9400,0.2700)
  CrownRim               t1 g1 BC filled=1 loop=1 alpha=grad lalpha=1.00 src=     잉크 2.020×0.460R  
      (-1.0100,-0.1000) (1.0100,-0.1000) (1.0100,0.3600) (-1.0100,0.3600)

==============================================================================
sunglasses  선글라스 / EYES
-- CARD (인계본 정면 기하, 레이어 전부)
  sunglasses.B0          t1 g1 C  filled=1 loop=1 alpha=0.60 lalpha=1.00 src=B0   잉크 0.798×0.542R  
      (-0.8816,0.2866) (-0.1356,0.2866) (-0.1315,0.2864) (-0.1278,0.2856) (-0.1243,0.2842) (-0.1212,0.2824) (-0.1184,0.2800) (-0.1159,0.2771) (-0.1137,0.2736) (-0.1119,0.2697) (-0.1104,0.2652) (-0.1091,0.2601) (-0.1082,0.2546) (-0.1077,0.2485) (-0.1074,0.2419) (-0.1074,0.2347) (-0.1078,0.2270) (-0.1085,0.2188) (-0.1695,-0.1203) (-0.1726,-0.1367) (-0.1766,-0.1520) (-0.1817,-0.1663) (-0.1878,-0.1796) (-0.1948,-0.1918) (-0.2029,-0.2029) (-0.2120,-0.2130) (-0.2221,-0.2220) (-0.2332,-0.2299) (-0.2453,-0.2368) (-0.2584,-0.2426) (-0.2725,-0.2474) (-0.2876,-0.2511) (-0.3038,-0.2538) (-0.3209,-0.2553) (-0.3391,-0.2559) (-0.6442,-0.2559) (-0.6608,-0.2554) (-0.6765,-0.2540) (-0.6915,-0.2517) (-0.7057,-0.2485) (-0.7190,-0.2443) (-0.7316,-0.2392) (-0.7434,-0.2332) (-0.7544,-0.2262) (-0.7646,-0.2183) (-0.7740,-0.2095) (-0.7826,-0.1998) (-0.7904,-0.1891) (-0.7975,-0.1775) (-0.8037,-0.1650) (-0.8091,-0.1516) (-0.8137,-0.1372) (-0.9019,0.2188) (-0.9034,0.2270) (-0.9045,0.2347) (-0.9053,0.2419) (-0.9057,0.2485) (-0.9057,0.2546) (-0.9054,0.2601) (-0.9047,0.2652) (-0.9036,0.2697) (-0.9021,0.2736) (-0.9003,0.2771) (-0.8981,0.2800) (-0.8955,0.2824) (-0.8926,0.2842) (-0.8893,0.2856) (-0.8856,0.2864) (-0.8816,0.2866)
  sunglasses.B1          t1 g1 C  filled=1 loop=1 alpha=0.60 lalpha=1.00 src=B1   잉크 0.798×0.542R  
      (0.8816,0.2866) (0.1356,0.2866) (0.1315,0.2864) (0.1278,0.2856) (0.1243,0.2842) (0.1212,0.2824) (0.1184,0.2800) (0.1159,0.2771) (0.1137,0.2736) (0.1119,0.2697) (0.1104,0.2652) (0.1091,0.2601) (0.1082,0.2546) (0.1077,0.2485) (0.1074,0.2419) (0.1074,0.2347) (0.1078,0.2270) (0.1085,0.2188) (0.1695,-0.1203) (0.1726,-0.1367) (0.1766,-0.1520) (0.1817,-0.1663) (0.1878,-0.1796) (0.1948,-0.1918) (0.2029,-0.2029) (0.2120,-0.2130) (0.2221,-0.2220) (0.2332,-0.2299) (0.2453,-0.2368) (0.2584,-0.2426) (0.2725,-0.2474) (0.2876,-0.2511) (0.3038,-0.2538) (0.3209,-0.2553) (0.3391,-0.2559) (0.6442,-0.2559) (0.6608,-0.2554) (0.6765,-0.2540) (0.6915,-0.2517) (0.7057,-0.2485) (0.7190,-0.2443) (0.7316,-0.2392) (0.7434,-0.2332) (0.7544,-0.2262) (0.7646,-0.2183) (0.7740,-0.2095) (0.7826,-0.1998) (0.7904,-0.1891) (0.7975,-0.1775) (0.8037,-0.1650) (0.8091,-0.1516) (0.8137,-0.1372) (0.9019,0.2188) (0.9034,0.2270) (0.9045,0.2347) (0.9053,0.2419) (0.9057,0.2485) (0.9057,0.2546) (0.9054,0.2601) (0.9047,0.2652) (0.9036,0.2697) (0.9021,0.2736) (0.9003,0.2771) (0.8981,0.2800) (0.8955,0.2824) (0.8926,0.2842) (0.8893,0.2856) (0.8856,0.2864) (0.8816,0.2866)
  sunglasses.S2          t0 g0 C  filled=0 loop=0 alpha=grad lalpha=1.00 src=S2   잉크 0.244×0.036R  
      (-0.1221,0.2019) (-0.1068,0.2102) (-0.0915,0.2174) (-0.0763,0.2235) (-0.0610,0.2286) (-0.0458,0.2324) (-0.0305,0.2352) (-0.0153,0.2369) (0.0000,0.2375) (0.0153,0.2369) (0.0305,0.2352) (0.0458,0.2324) (0.0610,0.2286) (0.0763,0.2235) (0.0915,0.2174) (0.1068,0.2102) (0.1221,0.2019)
  sunglasses.S3          t0 g0 C  filled=0 loop=0 alpha=grad lalpha=1.00 src=S3   잉크 0.139×0.136R  
      (-0.8951,0.2527) (-0.9100,0.2502) (-0.9240,0.2469) (-0.9372,0.2428) (-0.9496,0.2379) (-0.9611,0.2322) (-0.9719,0.2257) (-0.9818,0.2184) (-0.9909,0.2103) (-0.9992,0.2015) (-1.0066,0.1918) (-1.0133,0.1813) (-1.0191,0.1701) (-1.0241,0.1580) (-1.0283,0.1452) (-1.0316,0.1315) (-1.0341,0.1171)
  sunglasses.S4          t0 g0 C  filled=0 loop=0 alpha=grad lalpha=1.00 src=S4   잉크 0.139×0.136R  
      (0.8951,0.2527) (0.9100,0.2502) (0.9240,0.2469) (0.9372,0.2428) (0.9496,0.2379) (0.9611,0.2322) (0.9719,0.2257) (0.9818,0.2184) (0.9909,0.2103) (0.9992,0.2015) (1.0066,0.1918) (1.0133,0.1813) (1.0191,0.1701) (1.0241,0.1580) (1.0283,0.1452) (1.0316,0.1315) (1.0341,0.1171)
  sunglasses.H5          t3 g2 C  filled=0 loop=0 alpha=grad lalpha=1.00 src=H5   잉크 0.170×0.220R  
      (-0.7459,0.1510) (-0.5764,-0.0694)
-- BODY (3/4 기하 + 레이어; 몸 생존 조각만 B 비트)
  SunglassLensBack       t0 g1 BC filled=1 loop=1 alpha=grad lalpha=1.00 src=     잉크 0.740×0.780R  
      (-0.2800,0.3400) (-0.9600,0.3000) (-1.0200,-0.1600) (-0.3200,-0.4400)
  SunglassLensFront      t0 g1 BC filled=1 loop=1 alpha=grad lalpha=1.00 src=     잉크 0.777×0.780R  
      (0.3220,-0.4400) (1.0570,-0.1600) (0.9940,0.3000) (0.2800,0.3400)
  SunglassBridge         t1 g0 BC filled=0 loop=0 alpha=grad lalpha=1.00 src=     잉크 0.560×0.120R  
      (-0.2800,0.3400) (0.0000,0.4600) (0.2800,0.3400)

==============================================================================
roundglasses  동그란안경 / EYES
-- CARD (인계본 정면 기하, 레이어 전부)
  roundglasses.CB0       t1 g1 C  filled=1 loop=1 alpha=0.16 lalpha=1.00 src=CB0  잉크 0.712×0.712R  
      (-0.0848,0.0493) (-0.0969,-0.0429) (-0.1325,-0.1287) (-0.1890,-0.2025) (-0.2628,-0.2590) (-0.3486,-0.2946) (-0.4408,-0.3067) (-0.5329,-0.2946) (-0.6188,-0.2590) (-0.6925,-0.2025) (-0.7491,-0.1287) (-0.7847,-0.0429) (-0.7968,0.0493) (-0.7847,0.1414) (-0.7491,0.2273) (-0.6925,0.3010) (-0.6188,0.3576) (-0.5329,0.3932) (-0.4408,0.4053) (-0.3486,0.3932) (-0.2628,0.3576) (-0.1890,0.3010) (-0.1325,0.2273) (-0.0969,0.1414)
  roundglasses.CB1       t1 g1 C  filled=1 loop=1 alpha=0.16 lalpha=1.00 src=CB1  잉크 0.712×0.712R  
      (0.7968,0.0493) (0.7847,-0.0429) (0.7491,-0.1287) (0.6925,-0.2025) (0.6188,-0.2590) (0.5329,-0.2946) (0.4408,-0.3067) (0.3486,-0.2946) (0.2628,-0.2590) (0.1890,-0.2025) (0.1325,-0.1287) (0.0969,-0.0429) (0.0848,0.0493) (0.0969,0.1414) (0.1325,0.2273) (0.1890,0.3010) (0.2628,0.3576) (0.3486,0.3932) (0.4408,0.4053) (0.5329,0.3932) (0.6188,0.3576) (0.6925,0.3010) (0.7491,0.2273) (0.7847,0.1414)
  roundglasses.S2        t0 g0 C  filled=0 loop=0 alpha=grad lalpha=1.00 src=S2   잉크 0.176×0.051R  
      (-0.0882,0.0900) (-0.0771,0.1019) (-0.0661,0.1122) (-0.0551,0.1210) (-0.0441,0.1281) (-0.0331,0.1337) (-0.0220,0.1376) (-0.0110,0.1400) (0.0000,0.1408) (0.0110,0.1400) (0.0220,0.1376) (0.0331,0.1337) (0.0441,0.1281) (0.0551,0.1210) (0.0661,0.1122) (0.0771,0.1019) (0.0882,0.0900)
  roundglasses.S3        t0 g0 C  filled=0 loop=0 alpha=grad lalpha=1.00 src=S3   잉크 0.241×0.106R  
      (-0.7934,0.1510) (-0.8166,0.1586) (-0.8387,0.1645) (-0.8597,0.1687) (-0.8796,0.1711) (-0.8985,0.1719) (-0.9163,0.1709) (-0.9329,0.1681) (-0.9485,0.1637) (-0.9630,0.1576) (-0.9764,0.1497) (-0.9888,0.1401) (-1.0000,0.1287) (-1.0102,0.1157) (-1.0192,0.1009) (-1.0272,0.0844) (-1.0341,0.0662)
  roundglasses.S4        t0 g0 C  filled=0 loop=0 alpha=grad lalpha=1.00 src=S4   잉크 0.241×0.106R  
      (0.7934,0.1510) (0.8166,0.1586) (0.8387,0.1645) (0.8597,0.1687) (0.8796,0.1711) (0.8985,0.1719) (0.9163,0.1709) (0.9329,0.1681) (0.9485,0.1637) (0.9630,0.1576) (0.9764,0.1497) (0.9888,0.1401) (1.0000,0.1287) (1.0102,0.1157) (1.0192,0.1009) (1.0272,0.0844) (1.0341,0.0662)
  roundglasses.H5        t3 g2 C  filled=0 loop=0 alpha=grad lalpha=1.00 src=H5   잉크 0.203×0.095R  
      (-0.6103,0.1849) (-0.5996,0.1952) (-0.5886,0.2049) (-0.5773,0.2141) (-0.5658,0.2226) (-0.5540,0.2306) (-0.5420,0.2380) (-0.5296,0.2448) (-0.5171,0.2510) (-0.5042,0.2567) (-0.4911,0.2617) (-0.4777,0.2662) (-0.4641,0.2701) (-0.4502,0.2734) (-0.4360,0.2761) (-0.4216,0.2783) (-0.4069,0.2798)
  roundglasses.H6        t3 g2 C  filled=0 loop=0 alpha=grad lalpha=1.00 src=H6   잉크 0.203×0.095R  
      (0.2712,0.1849) (0.2820,0.1952) (0.2930,0.2049) (0.3042,0.2141) (0.3157,0.2226) (0.3275,0.2306) (0.3396,0.2380) (0.3519,0.2448) (0.3645,0.2510) (0.3773,0.2567) (0.3904,0.2617) (0.4038,0.2662) (0.4175,0.2701) (0.4314,0.2734) (0.4455,0.2761) (0.4600,0.2783) (0.4747,0.2798)
-- BODY (3/4 기하 + 레이어; 몸 생존 조각만 B 비트)
  RoundLensBack          t0 g1 BC filled=1 loop=1 alpha=grad lalpha=1.00 src=     잉크 0.800×0.800R  렌즈 불투명(사용자 제약)
      (-0.2200,0.0200) (-0.2736,0.2200) (-0.4200,0.3664) (-0.6200,0.4200) (-0.8200,0.3664) (-0.9664,0.2200) (-1.0200,0.0200) (-0.9664,-0.1800) (-0.8200,-0.3264) (-0.6200,-0.3800) (-0.4200,-0.3264) (-0.2736,-0.1800)
  RoundLensFront         t0 g1 BC filled=1 loop=1 alpha=grad lalpha=1.00 src=     잉크 0.800×0.800R  
      (1.0200,0.0200) (0.9664,0.2200) (0.8200,0.3664) (0.6200,0.4200) (0.4200,0.3664) (0.2736,0.2200) (0.2200,0.0200) (0.2736,-0.1800) (0.4200,-0.3264) (0.6200,-0.3800) (0.8200,-0.3264) (0.9664,-0.1800)
  RoundBridge            t1 g0 BC filled=0 loop=0 alpha=grad lalpha=1.00 src=     잉크 0.840×0.134R  
      (-0.4200,0.3664) (0.0000,0.5000) (0.4200,0.3664)

==============================================================================
goggles  고글 / EYES
-- CARD (인계본 정면 기하, 레이어 전부)
  goggles.B0             t0 g1 C  filled=1 loop=1 alpha=grad lalpha=1.00 src=B0   잉크 1.695×0.644R  그라디언트→평면
      (-0.7120,0.3205) (0.7120,0.3205) (0.7284,0.3199) (0.7438,0.3179) (0.7581,0.3146) (0.7714,0.3099) (0.7835,0.3040) (0.7947,0.2967) (0.8047,0.2881) (0.8137,0.2781) (0.8217,0.2669) (0.8286,0.2543) (0.8344,0.2404) (0.8392,0.2252) (0.8429,0.2086) (0.8455,0.1907) (0.8471,0.1715) (0.8476,0.1510) (0.8476,-0.1542) (0.8471,-0.1747) (0.8455,-0.1939) (0.8429,-0.2118) (0.8392,-0.2283) (0.8344,-0.2436) (0.8286,-0.2575) (0.8217,-0.2700) (0.8137,-0.2813) (0.8047,-0.2912) (0.7947,-0.2998) (0.7835,-0.3071) (0.7714,-0.3131) (0.7581,-0.3177) (0.7438,-0.3210) (0.7284,-0.3230) (0.7120,-0.3237) (-0.7120,-0.3237) (-0.7284,-0.3230) (-0.7438,-0.3210) (-0.7581,-0.3177) (-0.7714,-0.3131) (-0.7835,-0.3071) (-0.7947,-0.2998) (-0.8047,-0.2912) (-0.8137,-0.2813) (-0.8217,-0.2700) (-0.8286,-0.2575) (-0.8344,-0.2436) (-0.8392,-0.2283) (-0.8429,-0.2118) (-0.8455,-0.1939) (-0.8471,-0.1747) (-0.8476,-0.1542) (-0.8476,0.1510) (-0.8471,0.1715) (-0.8455,0.1907) (-0.8429,0.2086) (-0.8392,0.2252) (-0.8344,0.2404) (-0.8286,0.2543) (-0.8217,0.2669) (-0.8137,0.2781) (-0.8047,0.2881) (-0.7947,0.2967) (-0.7835,0.3040) (-0.7714,0.3099) (-0.7581,0.3146) (-0.7438,0.3179) (-0.7284,0.3199) (-0.7120,0.3205)
  goggles.CB1            t1 g1 C  filled=1 loop=1 alpha=0.60 lalpha=1.00 src=CB1  잉크 0.475×0.475R  
      (-0.1526,-0.0016) (-0.1607,-0.0630) (-0.1844,-0.1203) (-0.2221,-0.1694) (-0.2712,-0.2071) (-0.3285,-0.2308) (-0.3899,-0.2389) (-0.4513,-0.2308) (-0.5086,-0.2071) (-0.5577,-0.1694) (-0.5955,-0.1203) (-0.6192,-0.0630) (-0.6273,-0.0016) (-0.6192,0.0598) (-0.5955,0.1171) (-0.5577,0.1662) (-0.5086,0.2040) (-0.4513,0.2277) (-0.3899,0.2358) (-0.3285,0.2277) (-0.2712,0.2040) (-0.2221,0.1662) (-0.1844,0.1171) (-0.1607,0.0598)
  goggles.CB2            t1 g1 C  filled=1 loop=1 alpha=0.60 lalpha=1.00 src=CB2  잉크 0.475×0.475R  
      (0.6273,-0.0016) (0.6192,-0.0630) (0.5955,-0.1203) (0.5577,-0.1694) (0.5086,-0.2071) (0.4513,-0.2308) (0.3899,-0.2389) (0.3285,-0.2308) (0.2712,-0.2071) (0.2221,-0.1694) (0.1844,-0.1203) (0.1607,-0.0630) (0.1526,-0.0016) (0.1607,0.0598) (0.1844,0.1171) (0.2221,0.1662) (0.2712,0.2040) (0.3285,0.2277) (0.3899,0.2358) (0.4513,0.2277) (0.5086,0.2040) (0.5577,0.1662) (0.5955,0.1171) (0.6192,0.0598)
  goggles.S3             t0 g3 C  filled=0 loop=0 alpha=grad lalpha=1.00 src=S3   잉크 0.136×0.000R  
      (-0.0678,-0.0016) (0.0678,-0.0016)
  goggles.S4             t0 g0 C  filled=0 loop=0 alpha=grad lalpha=1.00 src=S4   잉크 0.186×0.407R  
      (-0.8476,0.1340) (-0.8702,0.1272) (-0.8914,0.1195) (-0.9110,0.1108) (-0.9292,0.1012) (-0.9460,0.0907) (-0.9613,0.0792) (-0.9751,0.0668) (-0.9875,0.0535) (-0.9984,0.0393) (-1.0079,0.0241) (-1.0159,0.0080) (-1.0225,-0.0090) (-1.0276,-0.0269) (-1.0312,-0.0458) (-1.0334,-0.0656) (-1.0341,-0.0863) (-1.0338,-0.1030) (-1.0328,-0.1189) (-1.0312,-0.1342) (-1.0288,-0.1489) (-1.0259,-0.1628) (-1.0222,-0.1761) (-1.0179,-0.1888) (-1.0129,-0.2008) (-1.0073,-0.2121) (-1.0010,-0.2228) (-0.9941,-0.2328) (-0.9865,-0.2421) (-0.9782,-0.2508) (-0.9692,-0.2588) (-0.9596,-0.2661) (-0.9494,-0.2728)
  goggles.S5             t0 g0 C  filled=0 loop=0 alpha=grad lalpha=1.00 src=S5   잉크 0.186×0.407R  
      (0.8476,0.1340) (0.8702,0.1272) (0.8914,0.1195) (0.9110,0.1108) (0.9292,0.1012) (0.9460,0.0907) (0.9613,0.0792) (0.9751,0.0668) (0.9875,0.0535) (0.9984,0.0393) (1.0079,0.0241) (1.0159,0.0080) (1.0225,-0.0090) (1.0276,-0.0269) (1.0312,-0.0458) (1.0334,-0.0656) (1.0341,-0.0863) (1.0338,-0.1030) (1.0328,-0.1189) (1.0312,-0.1342) (1.0288,-0.1489) (1.0259,-0.1628) (1.0222,-0.1761) (1.0179,-0.1888) (1.0129,-0.2008) (1.0073,-0.2121) (1.0010,-0.2228) (0.9941,-0.2328) (0.9865,-0.2421) (0.9782,-0.2508) (0.9692,-0.2588) (0.9596,-0.2661) (0.9494,-0.2728)
  goggles.H6             t3 g2 C  filled=0 loop=0 alpha=grad lalpha=1.00 src=H6   잉크 0.170×0.040R  
      (-0.5086,0.1340) (-0.4980,0.1401) (-0.4874,0.1457) (-0.4768,0.1508) (-0.4662,0.1554) (-0.4556,0.1595) (-0.4450,0.1631) (-0.4344,0.1662) (-0.4238,0.1688) (-0.4132,0.1709) (-0.4026,0.1725) (-0.3920,0.1735) (-0.3814,0.1741) (-0.3708,0.1742) (-0.3603,0.1737) (-0.3497,0.1728) (-0.3391,0.1713)
-- BODY (3/4 기하 + 레이어; 몸 생존 조각만 B 비트)
  GoggleStrap            t0 g1 BC filled=1 loop=1 alpha=grad lalpha=1.00 src=     잉크 3.040×0.860R  끈 보조색→주색
      (-1.5200,-0.2400) (-1.5200,0.2200) (-1.0600,0.4000) (-0.6600,0.6200) (0.6600,0.6200) (1.0600,0.4000) (1.5200,0.2200) (1.5200,-0.2400) (1.0400,-0.0600) (0.6600,0.1600) (-0.6600,0.1600) (-1.0400,-0.0600)
  GoggleLens             t0 g1 BC filled=1 loop=1 alpha=grad lalpha=1.00 src=     잉크 2.080×0.780R  
      (-0.6600,0.1600) (0.6600,0.1600) (1.0400,-0.0600) (0.8400,-0.5000) (0.2000,-0.6200) (-0.2000,-0.6200) (-0.8400,-0.5000) (-1.0400,-0.0600)
  GoggleLensBack         t1 g1 BC filled=1 loop=1 alpha=grad lalpha=1.00 src=     잉크 0.520×0.520R  렌즈 원반 r=0.26R(§4-2-5 PROMOTE ×1.087 → 0.52R)
      (-0.2400,-0.2200) (-0.2748,-0.0900) (-0.3700,0.0052) (-0.5000,0.0400) (-0.6300,0.0052) (-0.7252,-0.0900) (-0.7600,-0.2200) (-0.7252,-0.3500) (-0.6300,-0.4452) (-0.5000,-0.4800) (-0.3700,-0.4452) (-0.2748,-0.3500)
  GoggleLensFront        t1 g1 BC filled=1 loop=1 alpha=grad lalpha=1.00 src=     잉크 0.520×0.520R  
      (0.7600,-0.2200) (0.7252,-0.0900) (0.6300,0.0052) (0.5000,0.0400) (0.3700,0.0052) (0.2748,-0.0900) (0.2400,-0.2200) (0.2748,-0.3500) (0.3700,-0.4452) (0.5000,-0.4800) (0.6300,-0.4452) (0.7252,-0.3500)

==============================================================================
monocle  외알안경 / EYES
-- CARD (인계본 정면 기하, 레이어 전부)
  monocle.CB0            t1 g3 C  filled=1 loop=1 alpha=0.20 lalpha=1.00 src=CB0  잉크 0.848×0.848R  
      (0.1865,0.1849) (0.1720,0.0752) (0.1297,-0.0270) (0.0623,-0.1148) (-0.0254,-0.1821) (-0.1276,-0.2245) (-0.2373,-0.2389) (-0.3470,-0.2245) (-0.4493,-0.1821) (-0.5370,-0.1148) (-0.6044,-0.0270) (-0.6467,0.0752) (-0.6612,0.1849) (-0.6467,0.2946) (-0.6044,0.3968) (-0.5370,0.4846) (-0.4493,0.5519) (-0.3470,0.5943) (-0.2373,0.6087) (-0.1276,0.5943) (-0.0254,0.5519) (0.0623,0.4846) (0.1297,0.3968) (0.1720,0.2946)
  monocle.H1             t3 g2 C  filled=0 loop=0 alpha=grad lalpha=1.00 src=H1   잉크 0.220×0.102R  
      (-0.4577,0.3883) (-0.4469,0.3991) (-0.4357,0.4092) (-0.4242,0.4188) (-0.4122,0.4278) (-0.3998,0.4361) (-0.3870,0.4440) (-0.3738,0.4512) (-0.3603,0.4578) (-0.3463,0.4639) (-0.3319,0.4694) (-0.3171,0.4743) (-0.3020,0.4786) (-0.2864,0.4823) (-0.2705,0.4855) (-0.2541,0.4881) (-0.2373,0.4901)
  monocle.S2             t0 g2 C  filled=0 loop=0 alpha=grad lalpha=1.00 src=S2   잉크 0.271×0.559R  파선→실선
      (0.1187,-0.0694) (0.1456,-0.1054) (0.1711,-0.1412) (0.1954,-0.1769) (0.2183,-0.2124) (0.2399,-0.2479) (0.2601,-0.2832) (0.2791,-0.3183) (0.2967,-0.3534) (0.3130,-0.3883) (0.3279,-0.4230) (0.3416,-0.4577) (0.3539,-0.4922) (0.3649,-0.5265) (0.3746,-0.5608) (0.3829,-0.5949) (0.3899,-0.6288)
  monocle.CB3            t1 g1 C  filled=1 loop=1 alpha=1.00 lalpha=1.00 src=CB3  잉크 0.217×0.217R  
      (0.5154,-0.7306) (0.5117,-0.7586) (0.5008,-0.7848) (0.4836,-0.8073) (0.4611,-0.8245) (0.4350,-0.8354) (0.4069,-0.8391) (0.3788,-0.8354) (0.3526,-0.8245) (0.3302,-0.8073) (0.3129,-0.7848) (0.3021,-0.7586) (0.2984,-0.7306) (0.3021,-0.7025) (0.3129,-0.6763) (0.3302,-0.6538) (0.3526,-0.6366) (0.3788,-0.6258) (0.4069,-0.6221) (0.4350,-0.6258) (0.4611,-0.6366) (0.4836,-0.6538) (0.5008,-0.6763) (0.5117,-0.7025)
-- BODY (3/4 기하 + 레이어; 몸 생존 조각만 B 비트)
  MonoclePod             t0 g3 BC filled=1 loop=1 alpha=grad lalpha=1.00 src=     잉크 0.920×0.920R  알 r 0.36→0.46R(인계본 비 1.19×동그란안경) · 테 굵은획 ×1.5
      (1.0400,0.0200) (0.9784,0.2500) (0.8100,0.4184) (0.5800,0.4800) (0.3500,0.4184) (0.1816,0.2500) (0.1200,0.0200) (0.1816,-0.2100) (0.3500,-0.3784) (0.5800,-0.4400) (0.8100,-0.3784) (0.9784,-0.2100)
  MonocleChain           t0 g2 BC filled=0 loop=0 alpha=grad lalpha=1.00 src=     잉크 0.180×0.767R  줄 디테일획(파선→실선)
      (0.6599,-0.4330) (0.6200,-0.8000) (0.8000,-1.2000)
  MonocleEye             t1 g1 B  filled=1 loop=1 alpha=grad lalpha=1.00 src=     잉크 0.660×0.660R  드러난 눈 — 몸 전용(인계본 카드에 없다)
      (-0.2900,0.0000) (-0.3342,0.1650) (-0.4550,0.2858) (-0.6200,0.3300) (-0.7850,0.2858) (-0.9058,0.1650) (-0.9500,0.0000) (-0.9058,-0.1650) (-0.7850,-0.2858) (-0.6200,-0.3300) (-0.4550,-0.2858) (-0.3342,-0.1650)

==============================================================================
bowtie  나비넥타이 / NECK
-- CARD (인계본 정면 기하, 레이어 전부)
  bowtie.B0              t0 g1 C  filled=1 loop=1 alpha=grad lalpha=1.00 src=B0   잉크 0.820×0.915R  그라디언트→평면
      (-0.0954,-1.9286) (-0.8201,-1.4899) (-0.8316,-1.4834) (-0.8425,-1.4783) (-0.8525,-1.4745) (-0.8618,-1.4720) (-0.8704,-1.4709) (-0.8782,-1.4711) (-0.8853,-1.4727) (-0.8916,-1.4756) (-0.8972,-1.4799) (-0.9021,-1.4854) (-0.9061,-1.4924) (-0.9095,-1.5006) (-0.9121,-1.5103) (-0.9140,-1.5212) (-0.9151,-1.5335) (-0.9155,-1.5471) (-0.9155,-2.3100) (-0.9151,-2.3236) (-0.9140,-2.3359) (-0.9121,-2.3469) (-0.9095,-2.3565) (-0.9061,-2.3648) (-0.9021,-2.3717) (-0.8972,-2.3773) (-0.8916,-2.3815) (-0.8853,-2.3844) (-0.8782,-2.3860) (-0.8704,-2.3862) (-0.8618,-2.3851) (-0.8525,-2.3827) (-0.8425,-2.3789) (-0.8316,-2.3737) (-0.8201,-2.3672)
  bowtie.B1              t0 g1 C  filled=1 loop=1 alpha=grad lalpha=1.00 src=B1   잉크 0.820×0.915R  그라디언트→평면
      (0.0954,-1.9286) (0.8201,-1.4899) (0.8316,-1.4834) (0.8425,-1.4783) (0.8525,-1.4745) (0.8618,-1.4720) (0.8704,-1.4709) (0.8782,-1.4711) (0.8853,-1.4727) (0.8916,-1.4756) (0.8972,-1.4799) (0.9021,-1.4854) (0.9061,-1.4924) (0.9095,-1.5006) (0.9121,-1.5103) (0.9140,-1.5212) (0.9151,-1.5335) (0.9155,-1.5471) (0.9155,-2.3100) (0.9151,-2.3236) (0.9140,-2.3359) (0.9121,-2.3469) (0.9095,-2.3565) (0.9061,-2.3648) (0.9021,-2.3717) (0.8972,-2.3773) (0.8916,-2.3815) (0.8853,-2.3844) (0.8782,-2.3860) (0.8704,-2.3862) (0.8618,-2.3851) (0.8525,-2.3827) (0.8425,-2.3789) (0.8316,-2.3737) (0.8201,-2.3672)
  bowtie.RB2             t1 g1 C  filled=1 loop=1 alpha=0.65 lalpha=1.00 src=RB2  잉크 0.381×0.496R  
      (0.0572,-1.6806) (0.0918,-1.6852) (0.1240,-1.6985) (0.1516,-1.7197) (0.1728,-1.7474) (0.1862,-1.7796) (0.1907,-1.8141) (0.1907,-2.0430) (0.1862,-2.0776) (0.1728,-2.1098) (0.1516,-2.1374) (0.1240,-2.1586) (0.0918,-2.1720) (0.0572,-2.1765) (-0.0572,-2.1765) (-0.0918,-2.1720) (-0.1240,-2.1586) (-0.1516,-2.1374) (-0.1728,-2.1098) (-0.1862,-2.0776) (-0.1907,-2.0430) (-0.1907,-1.8141) (-0.1862,-1.7796) (-0.1728,-1.7474) (-0.1516,-1.7197) (-0.1240,-1.6985) (-0.0918,-1.6852) (-0.0572,-1.6806)
  bowtie.H3              t3 g2 C  filled=0 loop=0 alpha=grad lalpha=1.00 src=H3   잉크 0.000×0.229R  
      (-0.7247,-1.6234) (-0.7247,-1.8523)
-- BODY (3/4 기하 + 레이어; 몸 생존 조각만 B 비트)
  BowTieLeftWing         t0 g1 BC filled=1 loop=1 alpha=grad lalpha=1.00 src=     잉크 0.700×0.680R  
      (-0.8604,-0.9382) (-0.2800,-1.2582) (-0.8604,-1.6182) (-0.9800,-1.2782)
  BowTieRightWing        t0 g1 BC filled=1 loop=1 alpha=grad lalpha=1.00 src=     잉크 0.700×0.680R  
      (0.8604,-0.9382) (0.9800,-1.2782) (0.8604,-1.6182) (0.2800,-1.2582)
  BowTieKnot             t1 g1 BC filled=1 loop=1 alpha=grad lalpha=1.00 src=     잉크 0.560×0.600R  
      (-0.2800,-0.9782) (0.2800,-0.9782) (0.2800,-1.5782) (-0.2800,-1.5782)

==============================================================================
stripedtie  줄무늬타이 / NECK
-- CARD (인계본 정면 기하, 레이어 전부)
  stripedtie.B0          t0 g1 C  filled=1 loop=1 alpha=grad lalpha=1.00 src=B0   잉크 0.534×0.420R  그라디언트→평면
      (-0.2670,-1.0131) (0.2670,-1.0131) (0.1335,-1.4327) (-0.1335,-1.4327)
  stripedtie.B1          t0 g1 C  filled=1 loop=1 alpha=grad lalpha=1.00 src=B1   잉크 0.496×1.411R  그라디언트→평면
      (-0.1297,-1.4327) (0.1297,-1.4327) (0.2479,-2.3291) (0.0000,-2.8440) (-0.2479,-2.3291)
  stripedtie.F2          t1 g1 C  filled=1 loop=1 alpha=0.55 lalpha=1.00 src=F2   잉크 0.351×0.225R  
      (-0.1755,-1.7569) (0.1602,-1.6806) (0.1755,-1.8294) (-0.1602,-1.9057)
  stripedtie.F3          t1 g1 C  filled=1 loop=1 alpha=0.55 lalpha=1.00 src=F3   잉크 0.351×0.225R  
      (-0.1373,-2.0811) (0.1983,-2.0049) (0.2136,-2.1536) (-0.1221,-2.2299)
  stripedtie.H4          t3 g2 C  filled=0 loop=0 alpha=grad lalpha=1.00 src=H4   잉크 0.057×0.191R  
      (-0.1335,-1.1275) (-0.0763,-1.3183)
-- BODY (3/4 기하 + 레이어; 몸 생존 조각만 B 비트)
  TieKnot                t0 g1 BC filled=1 loop=1 alpha=grad lalpha=1.00 src=     잉크 0.720×0.580R  
      (-0.3600,-0.9782) (0.3600,-0.9782) (0.2600,-1.5582) (-0.2600,-1.5582)
  TieBlade               t0 g1 BC filled=1 loop=1 alpha=grad lalpha=1.00 src=     잉크 0.800×2.075R  
      (-0.3400,-1.5582) (0.3400,-1.5582) (0.3998,-3.0522) (0.0000,-3.6332) (-0.3998,-3.0522)
  TieStripe              t1 g1 BC filled=1 loop=1 alpha=grad lalpha=1.00 src=     잉크 0.751×0.677R  줄무늬 2개(인계본 F×2), 각 0.48R(0.44R 은 1-C 를 2% 미달) · 간격 0.29R
      (-0.3566,-1.9732) (0.3566,-2.1732) (0.3757,-2.6504) (-0.3757,-2.4504)
  TieStripe2             t1 g1 BC filled=1 loop=1 alpha=grad lalpha=1.00 src=     잉크 0.775×0.677R  줄무늬 2개(인계본 F×2), 각 0.48R(0.44R 은 1-C 를 2% 미달) · 간격 0.29R
      (-0.3874,-2.7409) (0.3874,-2.9409) (0.2856,-3.4182) (-0.2856,-3.2182)

==============================================================================
scarf  목도리 / NECK
-- CARD (인계본 정면 기하, 레이어 전부)
  scarf.B0               t0 g1 C  filled=1 loop=1 alpha=grad lalpha=1.00 src=B0   잉크 1.678×0.563R  그라디언트→평면
      (-0.8392,-1.4708) (-0.7343,-1.5267) (-0.6294,-1.5751) (-0.5245,-1.6161) (-0.4196,-1.6496) (-0.3147,-1.6757) (-0.2098,-1.6943) (-0.1049,-1.7055) (0.0000,-1.7092) (0.1049,-1.7055) (0.2098,-1.6943) (0.3147,-1.6757) (0.4196,-1.6496) (0.5245,-1.6161) (0.6294,-1.5751) (0.7343,-1.5267) (0.8392,-1.4708) (0.8392,-1.7951) (0.7343,-1.8509) (0.6294,-1.8994) (0.5245,-1.9403) (0.4196,-1.9739) (0.3147,-1.9999) (0.2098,-2.0186) (0.1049,-2.0297) (0.0000,-2.0335) (-0.1049,-2.0297) (-0.2098,-2.0186) (-0.3147,-1.9999) (-0.4196,-1.9739) (-0.5245,-1.9403) (-0.6294,-1.8994) (-0.7343,-1.8509) (-0.8392,-1.7951)
  scarf.B1               t0 g1 C  filled=1 loop=1 alpha=grad lalpha=1.00 src=B1   잉크 0.389×0.801R  그라디언트→평면
      (0.2861,-2.0621) (0.3157,-2.1074) (0.3427,-2.1530) (0.3670,-2.1986) (0.3886,-2.2445) (0.4075,-2.2904) (0.4238,-2.3365) (0.4373,-2.3828) (0.4482,-2.4292) (0.4564,-2.4758) (0.4619,-2.5225) (0.4647,-2.5693) (0.4649,-2.6164) (0.4623,-2.6635) (0.4571,-2.7108) (0.4492,-2.7583) (0.4387,-2.8059) (0.0763,-2.7296) (0.0921,-2.6888) (0.1061,-2.6474) (0.1183,-2.6053) (0.1287,-2.5627) (0.1374,-2.5195) (0.1442,-2.4757) (0.1493,-2.4313) (0.1526,-2.3863) (0.1541,-2.3407) (0.1538,-2.2945) (0.1517,-2.2477) (0.1478,-2.2003) (0.1421,-2.1524) (0.1347,-2.1038) (0.1255,-2.0546) (0.1144,-2.0049)
  scarf.S2               t0 g0 C  filled=0 loop=0 alpha=grad lalpha=1.00 src=S2   잉크 0.050×0.187R  
      (0.0877,-2.7525) (0.0381,-2.9394)
  scarf.S3               t0 g0 C  filled=0 loop=0 alpha=grad lalpha=1.00 src=S3   잉크 0.038×0.175R  
      (0.2289,-2.7830) (0.1907,-2.9585)
  scarf.S4               t0 g0 C  filled=0 loop=0 alpha=grad lalpha=1.00 src=S4   잉크 0.015×0.168R  
      (0.3814,-2.7906) (0.3662,-2.9585)
  scarf.H5               t3 g2 C  filled=0 loop=0 alpha=grad lalpha=1.00 src=H5   잉크 0.381×0.172R  
      (-0.6485,-1.6425) (-0.6246,-1.6570) (-0.6008,-1.6710) (-0.5769,-1.6846) (-0.5531,-1.6976) (-0.5293,-1.7101) (-0.5054,-1.7221) (-0.4816,-1.7335) (-0.4577,-1.7445) (-0.4339,-1.7550) (-0.4101,-1.7650) (-0.3862,-1.7744) (-0.3624,-1.7834) (-0.3385,-1.7918) (-0.3147,-1.7998) (-0.2908,-1.8072) (-0.2670,-1.8141)
-- BODY (3/4 기하 + 레이어; 몸 생존 조각만 B 비트)
  ScarfTailBack          t0 g1 BC filled=1 loop=1 alpha=grad lalpha=1.00 src=     잉크 0.980×2.019R  
      (-0.5800,-1.5982) (-0.0600,-1.7582) (-0.4800,-3.6173) (-1.0400,-3.3532)
  ScarfTailFront         t0 g1 BC filled=1 loop=1 alpha=grad lalpha=1.00 src=     잉크 1.060×1.433R  
      (0.0600,-1.7582) (0.5400,-1.6182) (1.1200,-2.7873) (0.5800,-3.0514)
  ScarfWrap              t1 g1 BC filled=1 loop=1 alpha=grad lalpha=1.00 src=     잉크 1.920×0.920R  
      (-0.9200,-0.9782) (0.0000,-1.2182) (0.9200,-0.9782) (0.9600,-1.4782) (0.0000,-1.8982) (-0.9600,-1.4782)
  ScarfHighlight         t3 g2 BC filled=0 loop=0 alpha=grad lalpha=1.00 src=H5   잉크 0.436×0.281R  
      (-0.7418,-1.2589) (-0.7145,-1.2826) (-0.6873,-1.3055) (-0.6600,-1.3276) (-0.6327,-1.3489) (-0.6055,-1.3694) (-0.5782,-1.3890) (-0.5509,-1.4078) (-0.5236,-1.4257) (-0.4964,-1.4428) (-0.4691,-1.4591) (-0.4418,-1.4746) (-0.4145,-1.4892) (-0.3873,-1.5031) (-0.3600,-1.5161) (-0.3327,-1.5282) (-0.3055,-1.5395)

==============================================================================
bellnecklace  방울목걸이 / NECK
-- CARD (인계본 정면 기하, 레이어 전부)
  bellnecklace.S0        t0 g2 C  filled=0 loop=0 alpha=grad lalpha=1.00 src=S0   잉크 1.602×0.401R  
      (-0.8010,-1.3946) (-0.7009,-1.4884) (-0.6008,-1.5698) (-0.5006,-1.6386) (-0.4005,-1.6949) (-0.3004,-1.7387) (-0.2003,-1.7700) (-0.1001,-1.7888) (0.0000,-1.7951) (0.1001,-1.7888) (0.2003,-1.7700) (0.3004,-1.7387) (0.4005,-1.6949) (0.5006,-1.6386) (0.6008,-1.5698) (0.7009,-1.4884) (0.8010,-1.3946)
  bellnecklace.CF1       t1 g1 C  filled=1 loop=1 alpha=0.80 lalpha=1.00 src=CF1  잉크 0.130×0.130R  
      (-0.3929,-1.7379) (-0.3951,-1.7546) (-0.4016,-1.7703) (-0.4119,-1.7837) (-0.4253,-1.7940) (-0.4409,-1.8005) (-0.4577,-1.8027) (-0.4745,-1.8005) (-0.4902,-1.7940) (-0.5036,-1.7837) (-0.5139,-1.7703) (-0.5204,-1.7546) (-0.5226,-1.7379) (-0.5204,-1.7211) (-0.5139,-1.7054) (-0.5036,-1.6920) (-0.4902,-1.6817) (-0.4745,-1.6752) (-0.4577,-1.6730) (-0.4409,-1.6752) (-0.4253,-1.6817) (-0.4119,-1.6920) (-0.4016,-1.7054) (-0.3951,-1.7211)
  bellnecklace.CF2       t1 g1 C  filled=1 loop=1 alpha=0.80 lalpha=1.00 src=CF2  잉크 0.130×0.130R  
      (0.0648,-1.9476) (0.0626,-1.9644) (0.0562,-1.9801) (0.0459,-1.9935) (0.0324,-2.0038) (0.0168,-2.0103) (0.0000,-2.0125) (-0.0168,-2.0103) (-0.0324,-2.0038) (-0.0459,-1.9935) (-0.0562,-1.9801) (-0.0626,-1.9644) (-0.0648,-1.9476) (-0.0626,-1.9309) (-0.0562,-1.9152) (-0.0459,-1.9018) (-0.0324,-1.8915) (-0.0168,-1.8850) (0.0000,-1.8828) (0.0168,-1.8850) (0.0324,-1.8915) (0.0459,-1.9018) (0.0562,-1.9152) (0.0626,-1.9309)
  bellnecklace.CF3       t1 g1 C  filled=1 loop=1 alpha=0.80 lalpha=1.00 src=CF3  잉크 0.130×0.130R  
      (0.5226,-1.7379) (0.5204,-1.7546) (0.5139,-1.7703) (0.5036,-1.7837) (0.4902,-1.7940) (0.4745,-1.8005) (0.4577,-1.8027) (0.4409,-1.8005) (0.4253,-1.7940) (0.4119,-1.7837) (0.4016,-1.7703) (0.3951,-1.7546) (0.3929,-1.7379) (0.3951,-1.7211) (0.4016,-1.7054) (0.4119,-1.6920) (0.4253,-1.6817) (0.4409,-1.6752) (0.4577,-1.6730) (0.4745,-1.6752) (0.4902,-1.6817) (0.5036,-1.6920) (0.5139,-1.7054) (0.5204,-1.7211)
  bellnecklace.B4        t1 g1 C  filled=1 loop=1 alpha=0.40 lalpha=1.00 src=B4   잉크 0.687×0.381R  
      (0.0000,-2.0049) (-0.0371,-2.0086) (-0.0721,-2.0150) (-0.1050,-2.0241) (-0.1359,-2.0359) (-0.1646,-2.0503) (-0.1913,-2.0674) (-0.2159,-2.0873) (-0.2384,-2.1098) (-0.2588,-2.1349) (-0.2771,-2.1628) (-0.2934,-2.1933) (-0.3075,-2.2266) (-0.3196,-2.2625) (-0.3296,-2.3011) (-0.3375,-2.3423) (-0.3433,-2.3863) (0.3433,-2.3863) (0.3375,-2.3423) (0.3296,-2.3011) (0.3196,-2.2625) (0.3075,-2.2266) (0.2934,-2.1933) (0.2771,-2.1628) (0.2588,-2.1349) (0.2384,-2.1098) (0.2159,-2.0873) (0.1913,-2.0674) (0.1646,-2.0503) (0.1359,-2.0359) (0.1050,-2.0241) (0.0721,-2.0150) (0.0371,-2.0086) (0.0000,-2.0049)
  bellnecklace.RB5       t1 g1 C  filled=1 loop=1 alpha=0.55 lalpha=1.00 src=RB5  잉크 0.801×0.172R  
      (0.3166,-2.3672) (0.3383,-2.3701) (0.3586,-2.3785) (0.3759,-2.3918) (0.3893,-2.4092) (0.3977,-2.4294) (0.4005,-2.4511) (0.4005,-2.4550) (0.3977,-2.4767) (0.3893,-2.4969) (0.3759,-2.5143) (0.3586,-2.5276) (0.3383,-2.5360) (0.3166,-2.5389) (-0.3166,-2.5389) (-0.3383,-2.5360) (-0.3586,-2.5276) (-0.3759,-2.5143) (-0.3893,-2.4969) (-0.3977,-2.4767) (-0.4005,-2.4550) (-0.4005,-2.4511) (-0.3977,-2.4294) (-0.3893,-2.4092) (-0.3759,-2.3918) (-0.3586,-2.3785) (-0.3383,-2.3701) (-0.3166,-2.3672)
  bellnecklace.CB6       t1 g1 C  filled=1 loop=1 alpha=1.00 lalpha=1.00 src=CB6  잉크 0.198×0.198R  
      (0.0992,-2.6342) (0.0958,-2.6599) (0.0859,-2.6838) (0.0701,-2.7044) (0.0496,-2.7201) (0.0257,-2.7300) (0.0000,-2.7334) (-0.0257,-2.7300) (-0.0496,-2.7201) (-0.0701,-2.7044) (-0.0859,-2.6838) (-0.0958,-2.6599) (-0.0992,-2.6342) (-0.0958,-2.6086) (-0.0859,-2.5847) (-0.0701,-2.5641) (-0.0496,-2.5484) (-0.0257,-2.5384) (0.0000,-2.5351) (0.0257,-2.5384) (0.0496,-2.5484) (0.0701,-2.5641) (0.0859,-2.5847) (0.0958,-2.6086)
  bellnecklace.H7        t3 g2 C  filled=0 loop=0 alpha=grad lalpha=1.00 src=H7   잉크 0.114×0.149R  
      (-0.1907,-2.1765) (-0.1880,-2.1625) (-0.1848,-2.1492) (-0.1809,-2.1364) (-0.1764,-2.1243) (-0.1714,-2.1128) (-0.1657,-2.1019) (-0.1594,-2.0917) (-0.1526,-2.0821) (-0.1451,-2.0731) (-0.1371,-2.0648) (-0.1284,-2.0570) (-0.1192,-2.0499) (-0.1094,-2.0434) (-0.0989,-2.0376) (-0.0879,-2.0324) (-0.0763,-2.0277)
-- BODY (3/4 기하 + 레이어; 몸 생존 조각만 B 비트)
  Collar                 t0 g0 BC filled=0 loop=0 alpha=grad lalpha=1.00 src=     잉크 1.560×0.320R  
      (-0.7800,-1.1182) (-0.3900,-1.3582) (0.0000,-1.4382) (0.3900,-1.3582) (0.7800,-1.1182)
  Bell                   t1 g1 BC filled=1 loop=1 alpha=grad lalpha=1.00 src=     잉크 0.840×0.800R  방울 실루엣(몸+테 합침, 인계본 비례 0.84×0.80R)
      (-0.1200,-1.4382) (0.1200,-1.4382) (0.3000,-1.7382) (0.4000,-2.0582) (0.4200,-2.2382) (-0.4200,-2.2382) (-0.4000,-2.0582) (-0.3000,-1.7382)
  BellClapper            t0 g1 BC filled=1 loop=1 alpha=grad lalpha=1.00 src=     잉크 0.520×0.520R  추 r 0.26R(인계본 0.10R 확대)
      (0.0000,-2.1182) (-0.1838,-2.1943) (-0.2600,-2.3782) (-0.1838,-2.5620) (-0.0000,-2.6382) (0.1838,-2.5620) (0.2600,-2.3782) (0.1838,-2.1943)

==============================================================================
shortcape  짧은망토 / BACK
-- CARD (인계본 정면 기하, 레이어 전부)
  shortcape.B0           t0 g1 C  filled=1 loop=1 alpha=grad lalpha=1.00 src=B0   잉크 2.497×1.888R  그라디언트→평면
      (-0.7149,-1.4002) (-0.7861,-1.5125) (-0.8523,-1.6241) (-0.9134,-1.7349) (-0.9693,-1.8450) (-1.0202,-1.9544) (-1.0660,-2.0631) (-1.1066,-2.1710) (-1.1422,-2.2782) (-1.1727,-2.3847) (-1.1981,-2.4904) (-1.2183,-2.5955) (-1.2335,-2.6998) (-1.2436,-2.8033) (-1.2486,-2.9061) (-1.2484,-3.0083) (-1.2432,-3.1096) (-1.2007,-3.1425) (-1.1587,-3.1713) (-1.1172,-3.1960) (-1.0762,-3.2165) (-1.0356,-3.2329) (-0.9955,-3.2451) (-0.9560,-3.2533) (-0.9169,-3.2573) (-0.8783,-3.2571) (-0.8401,-3.2529) (-0.8025,-3.2445) (-0.7654,-3.2320) (-0.7287,-3.2154) (-0.6925,-3.1946) (-0.6568,-3.1697) (-0.6216,-3.1407) (-0.5828,-3.1736) (-0.5439,-3.2024) (-0.5051,-3.2270) (-0.4662,-3.2475) (-0.4274,-3.2639) (-0.3885,-3.2762) (-0.3497,-3.2843) (-0.3108,-3.2883) (-0.2720,-3.2882) (-0.2331,-3.2840) (-0.1943,-3.2756) (-0.1554,-3.2631) (-0.1166,-3.2465) (-0.0777,-3.2257) (-0.0389,-3.2008) (0.0000,-3.1718) (0.0389,-3.2008) (0.0777,-3.2257) (0.1166,-3.2465) (0.1554,-3.2631) (0.1943,-3.2756) (0.2331,-3.2840) (0.2720,-3.2882) (0.3108,-3.2883) (0.3497,-3.2843) (0.3885,-3.2762) (0.4274,-3.2639) (0.4662,-3.2475) (0.5051,-3.2270) (0.5439,-3.2024) (0.5828,-3.1736) (0.6216,-3.1407) (0.6568,-3.1697) (0.6925,-3.1946) (0.7287,-3.2154) (0.7654,-3.2320) (0.8025,-3.2445) (0.8401,-3.2529) (0.8783,-3.2571) (0.9169,-3.2573) (0.9560,-3.2533) (0.9955,-3.2451) (1.0356,-3.2329) (1.0762,-3.2165) (1.1172,-3.1960) (1.1587,-3.1713) (1.2007,-3.1425) (1.2432,-3.1096) (1.2484,-3.0083) (1.2486,-2.9061) (1.2436,-2.8033) (1.2335,-2.6998) (1.2183,-2.5955) (1.1981,-2.4904) (1.1727,-2.3847) (1.1422,-2.2782) (1.1066,-2.1710) (1.0660,-2.0631) (1.0202,-1.9544) (0.9693,-1.8450) (0.9134,-1.7349) (0.8523,-1.6241) (0.7861,-1.5125) (0.7149,-1.4002)
  shortcape.B1           t1 g1 C  filled=1 loop=1 alpha=0.45 lalpha=1.00 src=B1   잉크 1.554×0.544R  
      (-0.6838,-1.1826) (-0.5983,-1.2336) (-0.5128,-1.2778) (-0.4274,-1.3152) (-0.3419,-1.3458) (-0.2564,-1.3696) (-0.1709,-1.3866) (-0.0855,-1.3968) (0.0000,-1.4002) (0.0855,-1.3968) (0.1709,-1.3866) (0.2564,-1.3696) (0.3419,-1.3458) (0.4274,-1.3152) (0.5128,-1.2778) (0.5983,-1.2336) (0.6838,-1.1826) (0.7770,-1.4934) (0.6799,-1.5481) (0.5828,-1.5954) (0.4856,-1.6355) (0.3885,-1.6683) (0.2914,-1.6938) (0.1943,-1.7120) (0.0971,-1.7229) (0.0000,-1.7265) (-0.0971,-1.7229) (-0.1943,-1.7120) (-0.2914,-1.6938) (-0.3885,-1.6683) (-0.4856,-1.6355) (-0.5828,-1.5954) (-0.6799,-1.5481) (-0.7770,-1.4934)
  shortcape.S2           t0 g2 C  filled=0 loop=0 alpha=grad lalpha=0.40 src=S2   잉크 0.000×1.492R  
      (0.0000,-1.6799) (0.0000,-3.1718)
  shortcape.H3           t3 g2 C  filled=0 loop=0 alpha=grad lalpha=1.00 src=H3   잉크 0.373×1.119R  
      (-0.4662,-1.6799) (-0.5077,-1.7499) (-0.5468,-1.8198) (-0.5835,-1.8897) (-0.6177,-1.9597) (-0.6495,-2.0296) (-0.6789,-2.0995) (-0.7059,-2.1694) (-0.7304,-2.2394) (-0.7525,-2.3093) (-0.7722,-2.3792) (-0.7894,-2.4492) (-0.8042,-2.5191) (-0.8166,-2.5890) (-0.8265,-2.6590) (-0.8341,-2.7289) (-0.8392,-2.7988)
-- BODY (3/4 기하 + 레이어; 몸 생존 조각만 B 비트)
  CapeOutline            t0 g1 BC filled=1 loop=1 alpha=grad lalpha=1.00 src=     잉크 3.300×5.210R  
      (0.4000,-1.2182) (-0.6200,-1.1782) (-2.4500,-5.5983) (-1.5190,-6.3884) (-0.3430,-6.0914) (0.4675,-6.3774) (0.8500,-5.8020)
  CapeFold               t2 g0 BC filled=0 loop=0 alpha=grad lalpha=1.00 src=     잉크 0.812×3.975R  
      (-0.2170,-1.3182) (-1.0290,-5.2927)
  CapeFold2              t2 g0 BC filled=0 loop=0 alpha=grad lalpha=1.00 src=     잉크 1.127×3.975R  
      (-0.4464,-1.3182) (-1.5729,-5.2927)
  CapeYoke               t1 g1 BC filled=1 loop=1 alpha=grad lalpha=1.00 src=     잉크 2.266×2.440R  
      (0.4000,-1.2182) (-0.6200,-1.1782) (-1.6302,-3.6182) (0.6356,-3.6182)
  CapeHighlight          t3 g2 BC filled=0 loop=0 alpha=grad lalpha=1.00 src=H3   잉크 0.493×3.088R  뒤쪽 가장자리 광택
      (-1.4161,-1.9501) (-1.4710,-2.1430) (-1.5226,-2.3360) (-1.5711,-2.5290) (-1.6163,-2.7219) (-1.6584,-2.9149) (-1.6972,-3.1079) (-1.7328,-3.3008) (-1.7652,-3.4938) (-1.7944,-3.6868) (-1.8204,-3.8798) (-1.8432,-4.0727) (-1.8628,-4.2657) (-1.8791,-4.4587) (-1.8923,-4.6516) (-1.9022,-4.8446) (-1.9090,-5.0376)

==============================================================================
longcape  긴망토 / BACK
-- CARD (인계본 정면 기하, 레이어 전부)
  longcape.B0            t0 g1 C  filled=1 loop=1 alpha=grad lalpha=1.00 src=B0   잉크 2.890×2.908R  그라디언트→평면
      (-0.6838,-1.1826) (-0.7887,-1.3533) (-0.8858,-1.5236) (-0.9751,-1.6933) (-1.0567,-1.8625) (-1.1306,-2.0313) (-1.1966,-2.1996) (-1.2549,-2.3673) (-1.3054,-2.5346) (-1.3481,-2.7015) (-1.3831,-2.8678) (-1.4103,-3.0336) (-1.4297,-3.1990) (-1.4414,-3.3639) (-1.4452,-3.5282) (-1.4414,-3.6921) (-1.4297,-3.8556) (-1.3678,-3.8922) (-1.3064,-3.9245) (-1.2454,-3.9524) (-1.1849,-3.9760) (-1.1250,-3.9952) (-1.0655,-4.0100) (-1.0065,-4.0204) (-0.9480,-4.0265) (-0.8899,-4.0282) (-0.8324,-4.0255) (-0.7753,-4.0185) (-0.7187,-4.0071) (-0.6626,-3.9913) (-0.6070,-3.9711) (-0.5519,-3.9466) (-0.4973,-3.9177) (-0.4662,-3.9544) (-0.4351,-3.9867) (-0.4040,-4.0146) (-0.3730,-4.0382) (-0.3419,-4.0573) (-0.3108,-4.0722) (-0.2797,-4.0826) (-0.2486,-4.0887) (-0.2176,-4.0904) (-0.1865,-4.0877) (-0.1554,-4.0807) (-0.1243,-4.0692) (-0.0932,-4.0535) (-0.0622,-4.0333) (-0.0311,-4.0088) (0.0000,-3.9799) (0.0311,-4.0088) (0.0622,-4.0333) (0.0932,-4.0535) (0.1243,-4.0692) (0.1554,-4.0807) (0.1865,-4.0877) (0.2176,-4.0904) (0.2486,-4.0887) (0.2797,-4.0826) (0.3108,-4.0722) (0.3419,-4.0573) (0.3730,-4.0382) (0.4040,-4.0146) (0.4351,-3.9867) (0.4662,-3.9544) (0.4973,-3.9177) (0.5519,-3.9466) (0.6070,-3.9711) (0.6626,-3.9913) (0.7187,-4.0071) (0.7753,-4.0185) (0.8324,-4.0255) (0.8899,-4.0282) (0.9480,-4.0265) (1.0065,-4.0204) (1.0655,-4.0100) (1.1250,-3.9952) (1.1849,-3.9760) (1.2454,-3.9524) (1.3064,-3.9245) (1.3678,-3.8922) (1.4297,-3.8556) (1.4414,-3.6921) (1.4452,-3.5282) (1.4414,-3.3639) (1.4297,-3.1990) (1.4103,-3.0336) (1.3831,-2.8678) (1.3481,-2.7015) (1.3054,-2.5346) (1.2549,-2.3673) (1.1966,-2.1996) (1.1306,-2.0313) (1.0567,-1.8625) (0.9751,-1.6933) (0.8858,-1.5236) (0.7887,-1.3533) (0.6838,-1.1826)
  longcape.B1            t1 g1 C  filled=1 loop=1 alpha=0.45 lalpha=1.00 src=B1   잉크 1.492×0.575R  
      (-0.6527,-0.9651) (-0.5711,-1.0161) (-0.4895,-1.0603) (-0.4079,-1.0977) (-0.3263,-1.1282) (-0.2448,-1.1520) (-0.1632,-1.1690) (-0.0816,-1.1792) (0.0000,-1.1826) (0.0816,-1.1792) (0.1632,-1.1690) (0.2448,-1.1520) (0.3263,-1.1282) (0.4079,-1.0977) (0.4895,-1.0603) (0.5711,-1.0161) (0.6527,-0.9651) (0.7459,-1.3070) (0.6527,-1.3616) (0.5594,-1.4089) (0.4662,-1.4490) (0.3730,-1.4818) (0.2797,-1.5073) (0.1865,-1.5255) (0.0932,-1.5364) (0.0000,-1.5401) (-0.0932,-1.5364) (-0.1865,-1.5255) (-0.2797,-1.5073) (-0.3730,-1.4818) (-0.4662,-1.4490) (-0.5594,-1.4089) (-0.6527,-1.3616) (-0.7459,-1.3070)
  longcape.CB2           t1 g1 C  filled=1 loop=1 alpha=1.00 lalpha=1.00 src=CB2  잉크 0.323×0.323R  
      (0.1616,-1.2137) (0.1561,-1.2556) (0.1400,-1.2945) (0.1143,-1.3280) (0.0808,-1.3537) (0.0418,-1.3698) (0.0000,-1.3753) (-0.0418,-1.3698) (-0.0808,-1.3537) (-0.1143,-1.3280) (-0.1400,-1.2945) (-0.1561,-1.2556) (-0.1616,-1.2137) (-0.1561,-1.1719) (-0.1400,-1.1329) (-0.1143,-1.0994) (-0.0808,-1.0738) (-0.0418,-1.0576) (0.0000,-1.0521) (0.0418,-1.0576) (0.0808,-1.0738) (0.1143,-1.0994) (0.1400,-1.1329) (0.1561,-1.1719)
  longcape.S3            t0 g2 C  filled=0 loop=0 alpha=grad lalpha=0.35 src=S3   잉크 0.160×2.424R  
      (-0.4351,-1.4934) (-0.4576,-1.6413) (-0.4783,-1.7897) (-0.4974,-1.9385) (-0.5148,-2.0879) (-0.5304,-2.2377) (-0.5444,-2.3880) (-0.5567,-2.5388) (-0.5672,-2.6900) (-0.5761,-2.8418) (-0.5832,-2.9940) (-0.5887,-3.1468) (-0.5925,-3.3000) (-0.5945,-3.4537) (-0.5949,-3.6079) (-0.5936,-3.7626) (-0.5905,-3.9177)
  longcape.S4            t0 g2 C  filled=0 loop=0 alpha=grad lalpha=0.35 src=S4   잉크 0.160×2.424R  
      (0.4351,-1.4934) (0.4576,-1.6413) (0.4783,-1.7897) (0.4974,-1.9385) (0.5148,-2.0879) (0.5304,-2.2377) (0.5444,-2.3880) (0.5567,-2.5388) (0.5672,-2.6900) (0.5761,-2.8418) (0.5832,-2.9940) (0.5887,-3.1468) (0.5925,-3.3000) (0.5945,-3.4537) (0.5949,-3.6079) (0.5936,-3.7626) (0.5905,-3.9177)
  longcape.H5            t3 g2 C  filled=0 loop=0 alpha=grad lalpha=1.00 src=H5   잉크 0.559×1.678R  
      (-0.4662,-1.5556) (-0.5230,-1.6641) (-0.5769,-1.7722) (-0.6279,-1.8798) (-0.6760,-1.9868) (-0.7212,-2.0934) (-0.7634,-2.1996) (-0.8028,-2.3052) (-0.8392,-2.4103) (-0.8727,-2.5150) (-0.9033,-2.6191) (-0.9310,-2.7228) (-0.9557,-2.8260) (-0.9776,-2.9287) (-0.9965,-3.0310) (-1.0125,-3.1327) (-1.0257,-3.2340)
-- BODY (3/4 기하 + 레이어; 몸 생존 조각만 B 비트)
  CapeOutline            t0 g1 BC filled=1 loop=1 alpha=grad lalpha=1.00 src=     잉크 4.150×7.110R  
      (0.4000,-1.2182) (-0.6200,-1.1782) (-3.1000,-7.2206) (-1.9220,-8.2877) (-1.1780,-5.2663) (-0.1240,-8.2877) (1.0500,-7.4998)
  CapeFold               t2 g0 BC filled=0 loop=0 alpha=grad lalpha=1.00 src=     잉크 2.263×5.484R  
      (-0.2170,-1.3182) (-2.4800,-6.8018)
  CapeFold2              t2 g0 BC filled=0 loop=0 alpha=grad lalpha=1.00 src=     잉크 2.530×5.484R  
      (-0.4464,-1.3182) (-2.9760,-6.8018)
  CapeYoke               t1 g1 BC filled=1 loop=1 alpha=grad lalpha=1.00 src=     잉크 2.270×2.440R  
      (0.4000,-1.2182) (-0.6200,-1.1782) (-1.6215,-3.6182) (0.6483,-3.6182)
  CapeClasp              t0 g1 BC filled=1 loop=1 alpha=grad lalpha=1.00 src=     잉크 0.495×0.520R  걸쇠 r=0.26R(인계본 0.16R 은 소멸 → 확대)
      (-0.1100,-1.4082) (-0.2628,-1.4578) (-0.3573,-1.5878) (-0.3573,-1.7485) (-0.2628,-1.8785) (-0.1100,-1.9282) (0.0428,-1.8785) (0.1373,-1.7485) (0.1373,-1.5878) (0.0428,-1.4578)
  CapeHighlight          t3 g2 BC filled=0 loop=0 alpha=grad lalpha=1.00 src=H5   잉크 0.803×4.104R  
      (-1.6944,-2.0901) (-1.7759,-2.3555) (-1.8533,-2.6197) (-1.9265,-2.8827) (-1.9956,-3.1445) (-2.0604,-3.4051) (-2.1211,-3.6646) (-2.1775,-3.9229) (-2.2298,-4.1799) (-2.2779,-4.4358) (-2.3219,-4.6905) (-2.3616,-4.9440) (-2.3972,-5.1963) (-2.4286,-5.4475) (-2.4557,-5.6974) (-2.4788,-5.9462) (-2.4976,-6.1938)

==============================================================================
wings  날개 / BACK
-- CARD (인계본 정면 기하, 레이어 전부)
  wings.B0               t0 g1 C  filled=1 loop=1 alpha=grad lalpha=1.00 src=B0   잉크 1.430×1.803R  그라디언트→평면
      (-0.0622,-1.1205) (-0.1695,-1.1309) (-0.2739,-1.1467) (-0.3754,-1.1678) (-0.4740,-1.1943) (-0.5696,-1.2261) (-0.6624,-1.2633) (-0.7522,-1.3057) (-0.8392,-1.3536) (-0.9232,-1.4068) (-1.0043,-1.4653) (-1.0825,-1.5291) (-1.1577,-1.5983) (-1.2301,-1.6729) (-1.2996,-1.7528) (-1.3661,-1.8380) (-1.4297,-1.9286) (-1.3688,-1.9298) (-1.3102,-1.9334) (-1.2541,-1.9395) (-1.2005,-1.9480) (-1.1492,-1.9589) (-1.1004,-1.9723) (-1.0541,-1.9881) (-1.0101,-2.0063) (-0.9686,-2.0269) (-0.9295,-2.0500) (-0.8928,-2.0755) (-0.8586,-2.1034) (-0.8268,-2.1338) (-0.7974,-2.1665) (-0.7705,-2.2017) (-0.7459,-2.2394) (-0.7998,-2.2484) (-0.8528,-2.2598) (-0.9047,-2.2736) (-0.9557,-2.2899) (-1.0057,-2.3086) (-1.0548,-2.3297) (-1.1029,-2.3533) (-1.1500,-2.3792) (-1.1961,-2.4076) (-1.2413,-2.4385) (-1.2855,-2.4718) (-1.3287,-2.5074) (-1.3709,-2.5456) (-1.4122,-2.5861) (-1.4525,-2.6291) (-1.4919,-2.6745) (-1.4231,-2.6682) (-1.3569,-2.6648) (-1.2930,-2.6643) (-1.2316,-2.6667) (-1.1726,-2.6721) (-1.1160,-2.6803) (-1.0618,-2.6915) (-1.0101,-2.7056) (-0.9608,-2.7226) (-0.9140,-2.7425) (-0.8695,-2.7653) (-0.8275,-2.7911) (-0.7879,-2.8197) (-0.7508,-2.8513) (-0.7161,-2.8858) (-0.6838,-2.9231) (-0.6452,-2.8770) (-0.6070,-2.8318) (-0.5694,-2.7877) (-0.5323,-2.7444) (-0.4956,-2.7022) (-0.4594,-2.6609) (-0.4237,-2.6206) (-0.3885,-2.5813) (-0.3538,-2.5429) (-0.3195,-2.5055) (-0.2858,-2.4691) (-0.2525,-2.4336) (-0.2197,-2.3991) (-0.1875,-2.3656) (-0.1556,-2.3331) (-0.1243,-2.3015)
  wings.B1               t0 g1 C  filled=1 loop=1 alpha=grad lalpha=1.00 src=B1   잉크 1.430×1.803R  그라디언트→평면
      (0.0622,-1.1205) (0.1695,-1.1309) (0.2739,-1.1467) (0.3754,-1.1678) (0.4740,-1.1943) (0.5696,-1.2261) (0.6624,-1.2633) (0.7522,-1.3057) (0.8392,-1.3536) (0.9232,-1.4068) (1.0043,-1.4653) (1.0825,-1.5291) (1.1577,-1.5983) (1.2301,-1.6729) (1.2996,-1.7528) (1.3661,-1.8380) (1.4297,-1.9286) (1.3688,-1.9298) (1.3102,-1.9334) (1.2541,-1.9395) (1.2005,-1.9480) (1.1492,-1.9589) (1.1004,-1.9723) (1.0541,-1.9881) (1.0101,-2.0063) (0.9686,-2.0269) (0.9295,-2.0500) (0.8928,-2.0755) (0.8586,-2.1034) (0.8268,-2.1338) (0.7974,-2.1665) (0.7705,-2.2017) (0.7459,-2.2394) (0.7998,-2.2484) (0.8528,-2.2598) (0.9047,-2.2736) (0.9557,-2.2899) (1.0057,-2.3086) (1.0548,-2.3297) (1.1029,-2.3533) (1.1500,-2.3792) (1.1961,-2.4076) (1.2413,-2.4385) (1.2855,-2.4718) (1.3287,-2.5074) (1.3709,-2.5456) (1.4122,-2.5861) (1.4525,-2.6291) (1.4919,-2.6745) (1.4231,-2.6682) (1.3569,-2.6648) (1.2930,-2.6643) (1.2316,-2.6667) (1.1726,-2.6721) (1.1160,-2.6803) (1.0618,-2.6915) (1.0101,-2.7056) (0.9608,-2.7226) (0.9140,-2.7425) (0.8695,-2.7653) (0.8275,-2.7911) (0.7879,-2.8197) (0.7508,-2.8513) (0.7161,-2.8858) (0.6838,-2.9231) (0.6452,-2.8770) (0.6070,-2.8318) (0.5694,-2.7877) (0.5323,-2.7444) (0.4956,-2.7022) (0.4594,-2.6609) (0.4237,-2.6206) (0.3885,-2.5813) (0.3538,-2.5429) (0.3195,-2.5055) (0.2858,-2.4691) (0.2525,-2.4336) (0.2197,-2.3991) (0.1875,-2.3656) (0.1556,-2.3331) (0.1243,-2.3015)
  wings.S2               t0 g2 C  filled=0 loop=0 alpha=grad lalpha=0.40 src=S2   잉크 0.622×0.373R  
      (-0.1243,-1.5556) (-0.1705,-1.5716) (-0.2156,-1.5886) (-0.2598,-1.6066) (-0.3030,-1.6255) (-0.3453,-1.6454) (-0.3866,-1.6663) (-0.4269,-1.6882) (-0.4662,-1.7110) (-0.5046,-1.7348) (-0.5420,-1.7596) (-0.5784,-1.7853) (-0.6138,-1.8120) (-0.6483,-1.8397) (-0.6818,-1.8684) (-0.7144,-1.8980) (-0.7459,-1.9286)
  wings.S3               t0 g2 C  filled=0 loop=0 alpha=grad lalpha=0.40 src=S3   잉크 0.622×0.373R  
      (0.1243,-1.5556) (0.1705,-1.5716) (0.2156,-1.5886) (0.2598,-1.6066) (0.3030,-1.6255) (0.3453,-1.6454) (0.3866,-1.6663) (0.4269,-1.6882) (0.4662,-1.7110) (0.5046,-1.7348) (0.5420,-1.7596) (0.5784,-1.7853) (0.6138,-1.8120) (0.6483,-1.8397) (0.6818,-1.8684) (0.7144,-1.8980) (0.7459,-1.9286)
  wings.RB4              t1 g1 C  filled=1 loop=1 alpha=0.40 lalpha=1.00 src=RB4  잉크 0.199×1.989R  
      (0.0000,-1.1826) (0.0257,-1.1860) (0.0497,-1.1960) (0.0703,-1.2118) (0.0861,-1.2324) (0.0961,-1.2564) (0.0995,-1.2821) (0.0995,-3.0723) (0.0961,-3.0981) (0.0861,-3.1221) (0.0703,-3.1427) (0.0497,-3.1585) (0.0257,-3.1684) (0.0000,-3.1718) (0.0000,-3.1718) (-0.0257,-3.1684) (-0.0497,-3.1585) (-0.0703,-3.1427) (-0.0861,-3.1221) (-0.0961,-3.0981) (-0.0995,-3.0723) (-0.0995,-1.2821) (-0.0961,-1.2564) (-0.0861,-1.2324) (-0.0703,-1.2118) (-0.0497,-1.1960) (-0.0257,-1.1860) (0.0000,-1.1826)
  wings.H5               t3 g2 C  filled=0 loop=0 alpha=grad lalpha=1.00 src=H5   잉크 0.622×0.373R  
      (-1.1189,-1.8664) (-1.0837,-1.8358) (-1.0480,-1.8062) (-1.0118,-1.7775) (-0.9751,-1.7499) (-0.9380,-1.7231) (-0.9004,-1.6974) (-0.8622,-1.6726) (-0.8236,-1.6488) (-0.7845,-1.6260) (-0.7450,-1.6042) (-0.7049,-1.5833) (-0.6643,-1.5634) (-0.6233,-1.5444) (-0.5818,-1.5265) (-0.5398,-1.5095) (-0.4973,-1.4934)
-- BODY (3/4 기하 + 레이어; 몸 생존 조각만 B 비트)
  WingSpine              t1 g0 BC filled=0 loop=0 alpha=grad lalpha=1.00 src=     잉크 0.000×2.082R  
      (0.0000,-1.1982) (0.0000,-3.2800)
  WingFeatherA           t0 g1 BC filled=1 loop=1 alpha=grad lalpha=1.00 src=     잉크 2.300×1.700R  
      (-0.4400,-1.7782) (-1.3000,-2.0582) (-1.1700,-1.5782) (-1.9500,-1.4582) (-1.5640,-1.0182) (-2.3000,-0.3582) (-1.0500,-0.6982) (-0.0000,-1.1982)
  WingFeatherB           t0 g1 BC filled=1 loop=1 alpha=grad lalpha=1.00 src=     잉크 2.300×1.700R  
      (0.0000,-1.1982) (1.0500,-0.6982) (2.3000,-0.3582) (1.5640,-1.0182) (1.9500,-1.4582) (1.1700,-1.5782) (1.3000,-2.0582) (0.4400,-1.7782)
  WingVeinA              t2 g2 BC filled=0 loop=0 alpha=grad lalpha=1.00 src=S2   잉크 1.000×0.352R  정맥 그늘색(주색 위 주색선은 안 보인다)
      (-0.1000,-0.7685) (-0.1742,-0.7836) (-0.2469,-0.7997) (-0.3180,-0.8166) (-0.3875,-0.8345) (-0.4555,-0.8533) (-0.5219,-0.8729) (-0.5867,-0.8936) (-0.6500,-0.9151) (-0.7117,-0.9375) (-0.7719,-0.9609) (-0.8305,-0.9851) (-0.8875,-1.0103) (-0.9430,-1.0364) (-0.9969,-1.0635) (-1.0492,-1.0914) (-1.1000,-1.1203)
  WingVeinB              t2 g2 BC filled=0 loop=0 alpha=grad lalpha=1.00 src=S3   잉크 1.000×0.352R  
      (0.1000,-0.7685) (0.1742,-0.7836) (0.2469,-0.7997) (0.3180,-0.8166) (0.3875,-0.8345) (0.4555,-0.8533) (0.5219,-0.8729) (0.5867,-0.8936) (0.6500,-0.9151) (0.7117,-0.9375) (0.7719,-0.9609) (0.8305,-0.9851) (0.8875,-1.0103) (0.9430,-1.0364) (0.9969,-1.0635) (1.0492,-1.0914) (1.1000,-1.1203)
  WingHighlight          t3 g2 BC filled=0 loop=0 alpha=grad lalpha=1.00 src=H5   잉크 1.000×0.352R  
      (-1.7000,-1.0616) (-1.6434,-1.0328) (-1.5859,-1.0048) (-1.5277,-0.9778) (-1.4688,-0.9517) (-1.4090,-0.9265) (-1.3484,-0.9023) (-1.2871,-0.8789) (-1.2250,-0.8565) (-1.1621,-0.8349) (-1.0984,-0.8143) (-1.0340,-0.7946) (-0.9688,-0.7759) (-0.9027,-0.7580) (-0.8359,-0.7410) (-0.7684,-0.7250) (-0.7000,-0.7099)

==============================================================================
backpack  배낭 / BACK
-- CARD (인계본 정면 기하, 레이어 전부)
  backpack.S0            t0 g0 C  filled=0 loop=0 alpha=grad lalpha=1.00 src=S0   잉크 1.243×0.746R  
      (-0.6216,-1.8042) (-0.6192,-1.7139) (-0.6119,-1.6294) (-0.5998,-1.5507) (-0.5828,-1.4779) (-0.5609,-1.4109) (-0.5342,-1.3497) (-0.5026,-1.2943) (-0.4662,-1.2448) (-0.4249,-1.2011) (-0.3788,-1.1632) (-0.3278,-1.1312) (-0.2720,-1.1049) (-0.2113,-1.0845) (-0.1457,-1.0700) (-0.0753,-1.0612) (0.0000,-1.0583) (0.0753,-1.0612) (0.1457,-1.0700) (0.2113,-1.0845) (0.2720,-1.1049) (0.3278,-1.1312) (0.3788,-1.1632) (0.4249,-1.2011) (0.4662,-1.2448) (0.5026,-1.2943) (0.5342,-1.3497) (0.5609,-1.4109) (0.5828,-1.4779) (0.5998,-1.5507) (0.6119,-1.6294) (0.6192,-1.7139) (0.6216,-1.8042)
  backpack.B1            t0 g1 C  filled=1 loop=1 alpha=grad lalpha=1.00 src=B1   잉크 2.486×2.176R  그라디언트→평면
      (-0.9324,-1.6178) (0.9324,-1.6178) (0.9701,-1.6192) (1.0053,-1.6236) (1.0380,-1.6309) (1.0684,-1.6411) (1.0963,-1.6542) (1.1218,-1.6702) (1.1449,-1.6892) (1.1655,-1.7110) (1.1837,-1.7358) (1.1995,-1.7635) (1.2129,-1.7941) (1.2238,-1.8276) (1.2323,-1.8640) (1.2384,-1.9033) (1.2420,-1.9456) (1.2432,-1.9907) (1.2432,-3.4204) (1.2418,-3.4656) (1.2374,-3.5078) (1.2301,-3.5472) (1.2199,-3.5836) (1.2068,-3.6171) (1.1908,-3.6477) (1.1718,-3.6754) (1.1500,-3.7002) (1.1252,-3.7220) (1.0975,-3.7410) (1.0669,-3.7570) (1.0334,-3.7701) (0.9970,-3.7803) (0.9577,-3.7876) (0.9154,-3.7919) (0.8703,-3.7934) (-0.8703,-3.7934) (-0.9154,-3.7919) (-0.9577,-3.7876) (-0.9970,-3.7803) (-1.0334,-3.7701) (-1.0669,-3.7570) (-1.0975,-3.7410) (-1.1252,-3.7220) (-1.1500,-3.7002) (-1.1718,-3.6754) (-1.1908,-3.6477) (-1.2068,-3.6171) (-1.2199,-3.5836) (-1.2301,-3.5472) (-1.2374,-3.5078) (-1.2418,-3.4656) (-1.2432,-3.4204) (-1.2432,-1.9907) (-1.2420,-1.9456) (-1.2384,-1.9033) (-1.2323,-1.8640) (-1.2238,-1.8276) (-1.2129,-1.7941) (-1.1995,-1.7635) (-1.1837,-1.7358) (-1.1655,-1.7110) (-1.1449,-1.6892) (-1.1218,-1.6702) (-1.0963,-1.6542) (-1.0684,-1.6411) (-1.0380,-1.6309) (-1.0053,-1.6236) (-0.9701,-1.6192) (-0.9324,-1.6178)
  backpack.B2            t1 g1 C  filled=1 loop=1 alpha=0.28 lalpha=1.00 src=B2   잉크 2.486×0.870R  
      (-0.9324,-1.6178) (0.9324,-1.6178) (0.9701,-1.6195) (1.0053,-1.6246) (1.0380,-1.6331) (1.0684,-1.6450) (1.0963,-1.6603) (1.1218,-1.6790) (1.1449,-1.7011) (1.1655,-1.7265) (1.1837,-1.7554) (1.1995,-1.7877) (1.2129,-1.8234) (1.2238,-1.8625) (1.2323,-1.9050) (1.2384,-1.9509) (1.2420,-2.0002) (1.2432,-2.0529) (1.2418,-2.1056) (1.2374,-2.1549) (1.2301,-2.2008) (1.2199,-2.2433) (1.2068,-2.2824) (1.1908,-2.3180) (1.1718,-2.3503) (1.1500,-2.3792) (1.1252,-2.4047) (1.0975,-2.4268) (1.0669,-2.4455) (1.0334,-2.4608) (0.9970,-2.4727) (0.9577,-2.4812) (0.9154,-2.4863) (0.8703,-2.4880) (-0.8703,-2.4880) (-0.9154,-2.4863) (-0.9577,-2.4812) (-0.9970,-2.4727) (-1.0334,-2.4608) (-1.0669,-2.4455) (-1.0975,-2.4268) (-1.1252,-2.4047) (-1.1500,-2.3792) (-1.1718,-2.3503) (-1.1908,-2.3180) (-1.2068,-2.2824) (-1.2199,-2.2433) (-1.2301,-2.2008) (-1.2374,-2.1549) (-1.2418,-2.1056) (-1.2432,-2.0529) (-1.2420,-2.0002) (-1.2384,-1.9509) (-1.2323,-1.9050) (-1.2238,-1.8625) (-1.2129,-1.8234) (-1.1995,-1.7877) (-1.1837,-1.7554) (-1.1655,-1.7265) (-1.1449,-1.7011) (-1.1218,-1.6790) (-1.0963,-1.6603) (-1.0684,-1.6450) (-1.0380,-1.6331) (-1.0053,-1.6246) (-0.9701,-1.6195) (-0.9324,-1.6178)
  backpack.RB3           t1 g1 C  filled=1 loop=1 alpha=0.70 lalpha=1.00 src=RB3  잉크 0.622×0.435R  
      (0.1741,-2.2394) (0.2094,-2.2440) (0.2424,-2.2577) (0.2708,-2.2794) (0.2925,-2.3078) (0.3061,-2.3407) (0.3108,-2.3761) (0.3108,-2.5377) (0.3061,-2.5731) (0.2925,-2.6061) (0.2708,-2.6344) (0.2424,-2.6562) (0.2094,-2.6698) (0.1741,-2.6745) (-0.1741,-2.6745) (-0.2094,-2.6698) (-0.2424,-2.6562) (-0.2708,-2.6344) (-0.2925,-2.6061) (-0.3061,-2.5731) (-0.3108,-2.5377) (-0.3108,-2.3761) (-0.3061,-2.3407) (-0.2925,-2.3078) (-0.2708,-2.2794) (-0.2424,-2.2577) (-0.2094,-2.2440) (-0.1741,-2.2394)
  backpack.RB4           t1 g1 C  filled=1 loop=1 alpha=0.14 lalpha=1.00 src=RB4  잉크 1.119×0.684R  
      (0.3730,-2.8610) (0.4212,-2.8673) (0.4662,-2.8860) (0.5048,-2.9156) (0.5345,-2.9542) (0.5531,-2.9992) (0.5594,-3.0475) (0.5594,-3.3583) (0.5531,-3.4065) (0.5345,-3.4515) (0.5048,-3.4901) (0.4662,-3.5198) (0.4212,-3.5384) (0.3730,-3.5448) (-0.3730,-3.5448) (-0.4212,-3.5384) (-0.4662,-3.5198) (-0.5048,-3.4901) (-0.5345,-3.4515) (-0.5531,-3.4065) (-0.5594,-3.3583) (-0.5594,-3.0475) (-0.5531,-2.9992) (-0.5345,-2.9542) (-0.5048,-2.9156) (-0.4662,-2.8860) (-0.4212,-2.8673) (-0.3730,-2.8610)
  backpack.H5            t3 g2 C  filled=0 loop=0 alpha=grad lalpha=1.00 src=H5   잉크 0.000×0.373R  
      (-0.9635,-1.9286) (-0.9635,-2.3015)
-- BODY (3/4 기하 + 레이어; 몸 생존 조각만 B 비트)
  PackBody               t0 g1 BC filled=1 loop=1 alpha=grad lalpha=1.00 src=     잉크 1.560×2.526R  
      (-1.5000,-3.6422) (-1.5000,-2.2025) (-1.2036,-1.6592) (-0.2364,-1.6592) (0.0600,-2.2025) (0.0600,-3.6422) (-0.2520,-4.1855) (-1.1880,-4.1855)
  PackLid                t0 g1 BC filled=1 loop=1 alpha=grad lalpha=1.00 src=     잉크 1.498×1.168R  
      (-1.4688,-2.2840) (-1.2348,-1.5777) (-0.2052,-1.5777) (0.0288,-2.2840) (-0.0960,-2.7458) (-1.3440,-2.7458)
  PackBuckle             t1 g1 BC filled=1 loop=1 alpha=grad lalpha=1.00 src=     잉크 0.600×0.543R  
      (-1.0200,-2.6915) (-0.4200,-2.6915) (-0.4200,-3.2347) (-1.0200,-3.2347)
  PackStrap              t0 g0 BC filled=0 loop=0 alpha=grad lalpha=1.00 src=     잉크 0.320×0.924R  
      (0.2200,-1.2782) (-0.1000,-1.8464) (0.0600,-2.2025)
  PackHandle             t0 g0 BC filled=0 loop=0 alpha=grad lalpha=1.00 src=S0   잉크 0.780×0.281R  손잡이(낱선) — 몸통 위 0.5R 까지만
      (-1.1100,-1.7294) (-1.1085,-1.6954) (-1.1039,-1.6636) (-1.0963,-1.6340) (-1.0856,-1.6066) (-1.0719,-1.5814) (-1.0552,-1.5583) (-1.0354,-1.5375) (-1.0125,-1.5188) (-0.9866,-1.5024) (-0.9577,-1.4881) (-0.9257,-1.4761) (-0.8906,-1.4662) (-0.8525,-1.4585) (-0.8114,-1.4530) (-0.7672,-1.4497) (-0.7200,-1.4486) (-0.6728,-1.4497) (-0.6286,-1.4530) (-0.5875,-1.4585) (-0.5494,-1.4662) (-0.5143,-1.4761) (-0.4823,-1.4881) (-0.4534,-1.5024) (-0.4275,-1.5188) (-0.4046,-1.5375) (-0.3848,-1.5583) (-0.3681,-1.5814) (-0.3544,-1.6066) (-0.3437,-1.6340) (-0.3361,-1.6636) (-0.3315,-1.6954) (-0.3300,-1.7294)
  PackHighlight          t3 g2 BC filled=0 loop=0 alpha=grad lalpha=1.00 src=H5   잉크 0.000×0.433R  
      (-1.3245,-2.0201) (-1.3245,-2.4532)

